Open Time,Open,High,Low,Close,Volume,Close Time,Quote Asset Volume,Number of trades,Taker Buy Base Asset Volume,Taker Buy Quote Asset volume
1681948800000,11.30930000,11.31410000,11.30010000,11.31130000,932.45000000,1681948859999,10543.43439500,94,406.77000000,4600.68805700,0
1681948860000,11.31050000,11.32220000,11.30350000,11.30350000,1529.59000000,1681948919999,17302.87575700,70,584.62000000,6615.42252800,0
1681948920000,11.30360000,11.31410000,11.30050000,11.30400000,1686.37000000,1681948979999,19063.16439900,70,200.09000000,2262.24688000,0
1681948980000,11.30400000,11.32580000,11.30400000,11.32470000,2970.45000000,1681949039999,33621.73395300,77,2420.22000000,27397.21708300,0
1681949040000,11.32570000,11.32950000,11.31890000,11.31940000,1021.99000000,1681949099999,11572.74843600,42,367.44000000,4161.19005900,0
1681949100000,11.32260000,11.32730000,11.31000000,11.31060000,1081.68000000,1681949159999,12242.87373700,60,270.66000000,3064.30583000,0
1681949160000,11.30980000,11.30980000,11.29460000,11.30410000,3980.23000000,1681949219999,44985.23406300,136,1697.06000000,19179.66337500,0
1681949220000,11.30810000,11.31270000,11.29920000,11.29920000,3825.60000000,1681949279999,43266.80245300,83,678.86000000,7677.47133200,0
1681949280000,11.30130000,11.30920000,11.28550000,11.28940000,2919.49000000,1681949339999,32978.50939800,125,789.92000000,8923.23708200,0
1681949340000,11.28940000,11.29740000,11.28470000,11.29460000,1876.36000000,1681949399999,21183.34755700,98,1027.79000000,11604.22044300,0
1681949400000,11.29450000,11.29450000,11.27570000,11.27600000,1782.51000000,1681949459999,20119.28438400,93,343.77000000,3880.01168000,0
1681949460000,11.27640000,11.27640000,11.24280000,11.24580000,5201.87000000,1681949519999,58564.48950300,279,1406.68000000,15837.74842900,0
1681949520000,11.24830000,11.29510000,11.24830000,11.27580000,5583.63000000,1681949579999,62958.23172100,167,3335.94000000,37605.00816700,0
1681949580000,11.27570000,11.28840000,11.27150000,11.28540000,1087.45000000,1681949639999,12268.09658400,62,718.13000000,8102.46431900,0
1681949640000,11.28680000,11.29600000,11.28020000,11.28160000,3388.73000000,1681949699999,38251.66147100,102,1259.28000000,14216.66793900,0
1681949700000,11.27840000,11.32150000,11.27840000,11.32000000,4224.30000000,1681949759999,47785.42422800,147,3592.39000000,40637.02496500,0
1681949760000,11.31860000,11.32990000,11.31690000,11.31940000,2109.23000000,1681949819999,23881.79139000,83,1146.71000000,12985.59108500,0
1681949820000,11.32000000,11.33310000,11.30740000,11.33310000,1714.82000000,1681949879999,19410.65649200,83,889.79000000,10074.54083200,0
1681949880000,11.33310000,11.34950000,11.33310000,11.34390000,1741.26000000,1681949939999,19750.93371100,94,654.91000000,7426.42638300,0
1681949940000,11.34520000,11.36680000,11.34520000,11.36360000,2120.82000000,1681949999999,24077.57705200,94,1745.38000000,19815.16661000,0
1681950000000,11.36140000,11.37670000,11.36060000,11.36490000,2657.11000000,1681950059999,30210.04863800,103,587.97000000,6684.94944000,0
1681950060000,11.36500000,11.37680000,11.36500000,11.37520000,948.93000000,1681950119999,10792.60872900,26,478.83000000,5444.62970400,0
1681950120000,11.37180000,11.39570000,11.37180000,11.39570000,3303.42000000,1681950179999,37612.74746400,115,2994.81000000,34098.20164200,0
1681950180000,11.39600000,11.40540000,11.38110000,11.38200000,8441.79000000,1681950239999,96173.58221000,174,2188.12000000,24929.81870900,0
1681950240000,11.37970000,11.40290000,11.37550000,11.37680000,3577.41000000,1681950299999,40733.90745700,104,2075.05000000,23630.92116200,0
1681950300000,11.37520000,11.39280000,11.37090000,11.39100000,1330.65000000,1681950359999,15140.95794700,60,980.04000000,11151.32396500,0
1681950360000,11.39280000,11.40260000,11.38540000,11.39190000,2759.92000000,1681950419999,31449.70210100,55,2039.46000000,23243.45822300,0
1681950420000,11.39050000,11.40000000,11.38640000,11.40000000,3423.32000000,1681950479999,39000.56085000,66,2570.21000000,29281.39197800,0
1681950480000,11.39920000,11.40670000,11.39450000,11.40440000,4027.97000000,1681950539999,45912.04505500,54,1006.01000000,11468.98908000,0
1681950540000,11.40400000,11.43270000,11.40400000,11.41680000,3372.43000000,1681950599999,38526.61151100,169,1600.61000000,18285.75481900,0
1681950600000,11.41680000,11.42860000,11.40740000,11.40970000,1018.91000000,1681950659999,11628.76982200,62,838.03000000,9563.47539400,0
1681950660000,11.40960000,11.41140000,11.40000000,11.40920000,2310.01000000,1681950719999,26349.79822200,72,761.72000000,8688.25958000,0
1681950720000,11.40810000,11.41550000,11.40480000,11.40690000,1560.33000000,1681950779999,17801.63280300,46,1023.98000000,11682.65948000,0
1681950780000,11.40470000,11.41160000,11.40120000,11.40810000,1256.28000000,1681950839999,14327.96408400,44,591.90000000,6751.22670200,0
1681950840000,11.40480000,11.40480000,11.39870000,11.40020000,1356.59000000,1681950899999,15466.34186200,38,690.72000000,7874.99417500,0
1681950900000,11.40210000,11.40860000,11.39790000,11.40630000,261.31000000,1681950959999,2979.49447800,21,216.06000000,2463.53531800,0
1681950960000,11.40870000,11.42070000,11.40640000,11.42070000,2976.87000000,1681951019999,33985.62335600,76,1672.56000000,19095.35548300,0
1681951020000,11.42080000,11.43270000,11.40730000,11.43060000,5015.30000000,1681951079999,57261.78385700,90,4062.88000000,46389.25315500,0
1681951080000,11.43260000,11.43260000,11.42010000,11.42990000,10741.54000000,1681951139999,122767.90923200,79,6128.89000000,70036.64280900,0
1681951140000,11.42940000,11.42940000,11.42240000,11.42480000,363.97000000,1681951199999,4158.85829300,16,119.56000000,1366.23546200,0
1681951200000,11.42550000,11.43280000,11.42480000,11.43280000,836.91000000,1681951259999,9564.64887800,28,826.55000000,9446.24997800,0
1681951260000,11.43370000,11.44450000,11.43290000,11.43940000,1689.26000000,1681951319999,19323.19803400,84,897.64000000,10270.18715800,0
1681951320000,11.44240000,11.45680000,11.43980000,11.44520000,3458.67000000,1681951379999,39590.21176500,105,2470.36000000,28274.66328900,0
1681951380000,11.44680000,11.44960000,11.43090000,11.43140000,9120.37000000,1681951439999,104339.80287100,116,609.13000000,6969.81290900,0
1681951440000,11.43320000,11.44720000,11.43320000,11.43470000,3168.85000000,1681951499999,36254.74506300,80,2994.35000000,34258.80572500,0
1681951500000,11.43300000,11.44420000,11.43010000,11.44080000,602.73000000,1681951559999,6894.69097100,23,349.78000000,4000.96594800,0
1681951560000,11.44240000,11.44880000,11.44240000,11.44880000,409.21000000,1681951619999,4683.25135300,20,397.22000000,4546.04139000,0
1681951620000,11.44710000,11.45470000,11.44700000,11.45470000,2439.01000000,1681951679999,27924.10942600,37,1738.12000000,19899.70492700,0
1681951680000,11.45470000,11.45670000,11.45190000,11.45590000,563.87000000,1681951739999,6459.40300300,24,168.70000000,1932.38962400,0
1681951740000,11.45520000,11.45520000,11.43030000,11.43030000,997.16000000,1681951799999,11408.74266500,48,187.71000000,2148.84956900,0
1681951800000,11.43420000,11.44880000,11.43420000,11.43720000,1659.76000000,1681951859999,18993.05238300,56,1126.91000000,12896.61148400,0
1681951860000,11.43580000,11.44000000,11.43510000,11.43710000,260.42000000,1681951919999,2978.42366800,14,75.73000000,866.04941100,0
1681951920000,11.43720000,11.43720000,11.42220000,11.43190000,1259.83000000,1681951979999,14397.61464500,56,323.72000000,3700.56088500,0
1681951980000,11.43320000,11.43320000,11.42690000,11.42940000,465.12000000,1681952039999,5315.48490600,22,377.49000000,4313.78741600,0
1681952040000,11.43310000,11.43820000,11.42710000,11.42710000,751.67000000,1681952099999,8594.34152400,21,382.61000000,4375.26903200,0
1681952100000,11.42830000,11.44010000,11.42610000,11.43480000,1575.32000000,1681952159999,18012.11542200,56,1089.88000000,12462.13651900,0
1681952160000,11.43180000,11.43210000,11.43090000,11.43090000,344.57000000,1681952219999,3939.09866200,7,46.17000000,527.78940600,0
1681952220000,11.43090000,11.44590000,11.43090000,11.44590000,447.54000000,1681952279999,5119.03024100,27,243.89000000,2789.43694000,0
1681952280000,11.44660000,11.44860000,11.44660000,11.44860000,52.62000000,1681952339999,602.36874500,9,16.29000000,186.48617000,0
1681952340000,11.44830000,11.45240000,11.44830000,11.45190000,856.52000000,1681952399999,9806.30720400,16,845.00000000,9674.38131600,0
1681952400000,11.45070000,11.46750000,11.44670000,11.46720000,505.44000000,1681952459999,5791.56271900,64,342.74000000,3926.55594600,0
1681952460000,11.46720000,11.46720000,11.43600000,11.43600000,2253.47000000,1681952519999,25813.63771000,60,126.04000000,1443.16897000,0
1681952520000,11.43660000,11.44770000,11.42780000,11.44370000,3462.69000000,1681952579999,39605.24363200,104,2054.68000000,23501.95684600,0
1681952580000,11.44440000,11.44870000,11.43950000,11.43950000,849.46000000,1681952639999,9721.59242600,26,734.07000000,8400.70053000,0
1681952640000,11.44060000,11.44330000,11.43670000,11.43670000,1077.87000000,1681952699999,12330.59505100,42,6.67000000,76.31623100,0
1681952700000,11.43670000,11.43670000,11.42530000,11.43030000,818.01000000,1681952759999,9349.62386800,47,527.06000000,6023.90766400,0
1681952760000,11.42950000,11.43270000,11.42020000,11.43250000,1520.28000000,1681952819999,17371.41641200,45,809.73000000,9253.40587600,0
1681952820000,11.42860000,11.42860000,11.40300000,11.40580000,2143.68000000,1681952879999,24466.61860700,117,346.34000000,3954.61731600,0
1681952880000,11.40870000,11.40870000,11.38690000,11.40700000,1807.35000000,1681952939999,20602.55322500,96,1048.26000000,11949.67285300,0
1681952940000,11.40520000,11.40960000,11.39300000,11.40250000,1172.61000000,1681952999999,13370.81813700,51,573.53000000,6541.86104200,0
1681953000000,11.40270000,11.40980000,11.39960000,11.40980000,1919.45000000,1681953059999,21888.83055700,44,732.40000000,8352.85756000,0
1681953060000,11.40840000,11.40840000,11.39120000,11.40100000,1624.92000000,1681953119999,18522.09645900,58,704.35000000,8029.37414300,0
1681953120000,11.40520000,11.41450000,11.40360000,11.40620000,820.39000000,1681953179999,9361.30057700,43,342.70000000,3910.37942700,0
1681953180000,11.41160000,11.41180000,11.40800000,11.41180000,258.74000000,1681953239999,2952.35385600,13,254.64000000,2905.56547600,0
1681953240000,11.41120000,11.41890000,11.41120000,11.41510000,1227.48000000,1681953299999,14012.22200100,48,611.58000000,6981.09919100,0
1681953300000,11.41750000,11.42200000,11.40820000,11.42200000,712.12000000,1681953359999,8128.00411100,35,456.81000000,5214.30010900,0
1681953360000,11.42170000,11.43160000,11.42170000,11.42980000,941.45000000,1681953419999,10758.78835300,65,396.79000000,4534.84152100,0
1681953420000,11.43120000,11.43450000,11.42980000,11.43070000,322.50000000,1681953479999,3686.85092900,30,272.09000000,3110.60998400,0
1681953480000,11.43180000,11.43720000,11.42970000,11.43420000,496.09000000,1681953539999,5671.92526600,23,301.19000000,3444.08645900,0
1681953540000,11.43770000,11.44650000,11.43640000,11.44320000,3266.97000000,1681953599999,37384.20378500,63,3083.54000000,35285.22239500,0
1681953600000,11.44320000,11.44930000,11.43990000,11.44340000,4458.62000000,1681953659999,51023.73909200,48,4231.71000000,48427.30479900,0
1681953660000,11.44010000,11.44330000,11.43090000,11.43090000,808.02000000,1681953719999,9242.75916500,23,35.88000000,410.46757600,0
1681953720000,11.43110000,11.43600000,11.43090000,11.43360000,519.31000000,1681953779999,5937.73356200,17,324.92000000,3715.26444000,0
1681953780000,11.43570000,11.43590000,11.43250000,11.43470000,482.69000000,1681953839999,5518.76961600,15,334.53000000,3824.72337500,0
1681953840000,11.43290000,11.43850000,11.43290000,11.43810000,216.77000000,1681953899999,2479.34119600,9,128.30000000,1467.40040800,0
1681953900000,11.43680000,11.43810000,11.43670000,11.43710000,466.79000000,1681953959999,5338.70846500,16,184.35000000,2108.50433800,0
1681953960000,11.43800000,11.44580000,11.43380000,11.43380000,3816.18000000,1681954019999,43650.96672500,74,2106.21000000,24092.95618500,0
1681954020000,11.43280000,11.43300000,11.42940000,11.43040000,164.67000000,1681954079999,1882.39419500,17,104.64000000,1196.13452500,0
1681954080000,11.43010000,11.43010000,11.42120000,11.42360000,459.75000000,1681954139999,5252.14996000,22,120.93000000,1381.55252000,0
1681954140000,11.42350000,11.42350000,11.41880000,11.42280000,1047.32000000,1681954199999,11960.51300900,31,108.62000000,1240.70068400,0
1681954200000,11.42720000,11.43200000,11.42270000,11.43200000,114.00000000,1681954259999,1302.66826000,12,59.03000000,674.68034000,0
1681954260000,11.43020000,11.44280000,11.43000000,11.44270000,584.30000000,1681954319999,6681.83787000,33,213.21000000,2438.34301200,0
1681954320000,11.44350000,11.45870000,11.44350000,11.45080000,1668.10000000,1681954379999,19100.36536800,80,794.25000000,9093.95882500,0
1681954380000,11.45080000,11.45350000,11.44520000,11.45350000,878.48000000,1681954439999,10058.39711200,20,523.15000000,5989.77876700,0
1681954440000,11.45490000,11.46150000,11.45320000,11.45320000,603.60000000,1681954499999,6915.31886500,34,365.34000000,4185.85308000,0
1681954500000,11.45730000,11.45730000,11.45000000,11.45000000,336.66000000,1681954559999,3856.85938700,10,28.48000000,326.18883200,0
1681954560000,11.44910000,11.45330000,11.44520000,11.44520000,1642.76000000,1681954619999,18808.58569900,38,426.63000000,4885.36165700,0
1681954620000,11.44490000,11.45010000,11.44150000,11.44150000,2622.48000000,1681954679999,30012.42828600,67,1450.29000000,16598.39455400,0
1681954680000,11.44030000,11.44720000,11.43990000,11.44720000,415.78000000,1681954739999,4757.85081400,22,315.78000000,3613.84360600,0
1681954740000,11.44530000,11.44870000,11.43850000,11.44210000,1252.47000000,1681954799999,14328.96786700,32,324.83000000,3716.72391300,0
1681954800000,11.44230000,11.44480000,11.42950000,11.43330000,1577.85000000,1681954859999,18043.96410500,57,424.39000000,4852.77929300,0
1681954860000,11.43340000,11.43900000,11.43180000,11.43620000,1117.70000000,1681954919999,12780.06871900,41,924.47000000,10570.45282800,0
1681954920000,11.43620000,11.43900000,11.42610000,11.42780000,677.87000000,1681954979999,7749.41468200,33,278.66000000,3185.90090500,0
1681954980000,11.42630000,11.43430000,11.42630000,11.43190000,846.24000000,1681955039999,9672.02623300,26,641.19000000,7328.50559600,0
1681955040000,11.43510000,11.43590000,11.42370000,11.43030000,306.88000000,1681955099999,3508.09538600,21,189.99000000,2171.74289500,0
1681955100000,11.42710000,11.42770000,11.41050000,11.41160000,2644.28000000,1681955159999,30190.79126300,84,385.85000000,4403.98274400,0
1681955160000,11.41150000,11.41190000,11.39670000,11.39780000,1892.88000000,1681955219999,21583.60369500,69,289.44000000,3300.94179400,0
1681955220000,11.39780000,11.40150000,11.38990000,11.39080000,2295.39000000,1681955279999,26156.62785200,58,1433.57000000,16338.17084200,0
1681955280000,11.39270000,11.39470000,11.38650000,11.39150000,1475.26000000,1681955339999,16802.88573900,44,564.51000000,6429.24641100,0
1681955340000,11.39360000,11.39360000,11.39070000,11.39070000,214.83000000,1681955399999,2447.30569800,14,7.77000000,88.51787900,0
1681955400000,11.39080000,11.39190000,11.38730000,11.39120000,811.14000000,1681955459999,9238.86208700,38,339.46000000,3866.55134700,0
1681955460000,11.39180000,11.39800000,11.38520000,11.39650000,1498.95000000,1681955519999,17076.17804300,50,954.57000000,10875.52051100,0
1681955520000,11.39280000,11.39660000,11.38670000,11.39070000,578.64000000,1681955579999,6591.31786000,19,516.08000000,5878.74656200,0
1681955580000,11.39430000,11.40170000,11.39360000,11.40150000,593.96000000,1681955639999,6770.56480300,34,443.86000000,5059.30381200,0
1681955640000,11.40160000,11.40160000,11.39370000,11.39370000,165.82000000,1681955699999,1889.81788100,14,49.84000000,568.10946800,0
1681955700000,11.39370000,11.39510000,11.39000000,11.39110000,518.83000000,1681955759999,5910.14073500,16,258.53000000,2945.14108800,0
1681955760000,11.39050000,11.39200000,11.38870000,11.39190000,982.95000000,1681955819999,11196.10298600,22,447.14000000,5092.83760700,0
1681955820000,11.39370000,11.39370000,11.36710000,11.37810000,2834.37000000,1681955879999,32250.81126900,131,758.52000000,8626.27546800,0
1681955880000,11.37820000,11.38860000,11.37820000,11.38580000,592.25000000,1681955939999,6741.75305900,40,488.70000000,5562.61811900,0
1681955940000,11.38850000,11.39120000,11.38580000,11.39120000,179.24000000,1681955999999,2041.46677600,18,110.16000000,1254.76661600,0
1681956000000,11.39030000,11.39210000,11.38810000,11.38810000,162.79000000,1681956059999,1854.31954100,14,81.29000000,925.91476300,0
1681956060000,11.38820000,11.39340000,11.38810000,11.39140000,1022.87000000,1681956119999,11650.31248500,27,500.82000000,5704.29877500,0
1681956120000,11.39140000,11.39140000,11.38800000,11.38800000,128.89000000,1681956179999,1467.99554400,9,0.00000000,0.00000000,0
1681956180000,11.38710000,11.38710000,11.37370000,11.37450000,309.63000000,1681956239999,3523.10526400,44,92.32000000,1050.38025600,0
1681956240000,11.37370000,11.39250000,11.36970000,11.39240000,799.33000000,1681956299999,9095.92390200,54,709.29000000,8071.73389800,0
1681956300000,11.39080000,11.39610000,11.39080000,11.39600000,209.14000000,1681956359999,2382.90556400,20,179.89000000,2049.58524800,0
1681956360000,11.39590000,11.39860000,11.39590000,11.39860000,239.98000000,1681956419999,2735.17952500,28,203.48000000,2319.20066700,0
1681956420000,11.39820000,11.39910000,11.39380000,11.39400000,249.45000000,1681956479999,2842.77706000,16,101.29000000,1154.36186100,0
1681956480000,11.39290000,11.39290000,11.38570000,11.38570000,788.17000000,1681956539999,8977.51261600,24,19.80000000,225.44694000,0
1681956540000,11.38570000,11.39050000,11.38570000,11.38600000,360.60000000,1681956599999,4106.22119600,13,194.71000000,2217.20297700,0
1681956600000,11.38580000,11.38580000,11.37210000,11.37450000,1897.92000000,1681956659999,21592.66130700,83,367.86000000,4184.83698800,0
1681956660000,11.37250000,11.37250000,11.35040000,11.36740000,2344.75000000,1681956719999,26636.57623100,108,998.63000000,11345.65469400,0
1681956720000,11.36540000,11.36700000,11.36350000,11.36610000,271.54000000,1681956779999,3086.26186100,11,177.30000000,2015.06926200,0
1681956780000,11.36280000,11.37460000,11.36280000,11.36890000,2624.20000000,1681956839999,29833.45966400,68,2008.71000000,22835.25323400,0
1681956840000,11.36970000,11.37360000,11.36290000,11.37360000,165.15000000,1681956899999,1877.44907100,12,22.38000000,254.35916800,0
1681956900000,11.37430000,11.37500000,11.36000000,11.36010000,671.29000000,1681956959999,7631.44647100,21,36.17000000,411.03664500,0
1681956960000,11.36170000,11.36540000,11.35410000,11.36540000,1475.06000000,1681957019999,16755.27709300,43,608.59000000,6913.15910200,0
1681957020000,11.36430000,11.36940000,11.36080000,11.36880000,614.96000000,1681957079999,6988.66998800,38,328.69000000,3735.84035900,0
1681957080000,11.36650000,11.36650000,11.35300000,11.35670000,489.11000000,1681957139999,5553.88843500,29,418.51000000,4752.08791400,0
1681957140000,11.36040000,11.36410000,11.36040000,11.36180000,164.99000000,1681957199999,1874.65670000,11,143.02000000,1625.00829200,0
1681957200000,11.36340000,11.36360000,11.35110000,11.35640000,1721.11000000,1681957259999,19546.25243700,60,1206.93000000,13706.59610200,0
1681957260000,11.35870000,11.36800000,11.35410000,11.36480000,2623.88000000,1681957319999,29812.73635800,44,2353.98000000,26745.90248800,0
1681957320000,11.36550000,11.36650000,11.36140000,11.36410000,38.82000000,1681957379999,441.19118400,7,13.52000000,153.65709200,0
1681957380000,11.36400000,11.36400000,11.35760000,11.35760000,121.93000000,1681957439999,1385.11168200,12,42.14000000,478.64256000,0
1681957440000,11.35640000,11.37520000,11.35400000,11.37520000,7061.88000000,1681957499999,80280.42107700,85,3557.54000000,40443.21592700,0
1681957500000,11.37170000,11.37870000,11.37080000,11.37870000,725.12000000,1681957559999,8247.56626700,34,679.46000000,7728.20966900,0
1681957560000,11.37880000,11.37900000,11.37310000,11.37840000,663.04000000,1681957619999,7542.47992500,33,267.92000000,3047.94135800,0
1681957620000,11.37840000,11.38480000,11.37840000,11.38480000,1110.10000000,1681957679999,12633.83635100,33,1024.30000000,11657.25631100,0
1681957680000,11.38480000,11.38520000,11.38190000,11.38520000,979.89000000,1681957739999,11154.44881700,16,44.18000000,502.88021200,0
1681957740000,11.38430000,11.38730000,11.38210000,11.38540000,941.41000000,1681957799999,10716.72977800,34,188.54000000,2146.42104700,0
1681957800000,11.38420000,11.38730000,11.36960000,11.37210000,16807.41000000,1681957859999,191190.98744000,155,4544.63000000,51677.64502700,0
1681957860000,11.37000000,11.37540000,11.37000000,11.37320000,215.77000000,1681957919999,2453.62632300,15,117.63000000,1337.73919100,0
1681957920000,11.37320000,11.37320000,11.36270000,11.36270000,609.36000000,1681957979999,6927.49301700,46,135.87000000,1544.47382800,0
1681957980000,11.36290000,11.36290000,11.34680000,11.35080000,1003.78000000,1681958039999,11394.30802800,55,309.22000000,3510.32944800,0
1681958040000,11.35220000,11.35260000,11.34470000,11.35050000,721.42000000,1681958099999,8187.56686200,38,575.04000000,6526.35076400,0
1681958100000,11.34980000,11.34980000,11.34700000,11.34970000,526.37000000,1681958159999,5973.00759500,14,57.52000000,652.72211800,0
1681958160000,11.34890000,11.35720000,11.34440000,11.34440000,505.10000000,1681958219999,5733.62367400,26,416.08000000,4723.03796400,0
1681958220000,11.34370000,11.34370000,11.33430000,11.34270000,2471.43000000,1681958279999,28018.93310900,72,1538.44000000,17440.41127100,0
1681958280000,11.34080000,11.34080000,11.33440000,11.33440000,1018.45000000,1681958339999,11545.35841300,21,191.73000000,2173.23680300,0
1681958340000,11.33480000,11.33840000,11.33480000,11.33710000,260.64000000,1681958399999,2954.94407700,11,52.22000000,591.98775000,0
1681958400000,11.33710000,11.33710000,11.32600000,11.32750000,2708.13000000,1681958459999,30695.25406600,56,125.70000000,1424.17578600,0
1681958460000,11.32610000,11.32610000,11.30610000,11.31790000,4933.68000000,1681958519999,55821.80758500,138,3137.48000000,35500.55102100,0
1681958520000,11.31830000,11.33200000,11.31830000,11.32980000,1417.17000000,1681958579999,16051.63465600,54,410.13000000,4644.27998100,0
1681958580000,11.32750000,11.32840000,11.31280000,11.31540000,953.31000000,1681958639999,10793.15613000,27,176.91000000,2003.67316200,0
1681958640000,11.31390000,11.32180000,11.29890000,11.31770000,2611.60000000,1681958699999,29538.08964800,109,1327.42000000,15016.57350300,0
1681958700000,11.31600000,11.31670000,11.29200000,11.30990000,2013.70000000,1681958759999,22760.92800000,86,749.42000000,8471.50430300,0
1681958760000,11.30720000,11.30720000,11.29290000,11.29520000,1364.98000000,1681958819999,15422.74640100,34,674.64000000,7620.63627900,0
1681958820000,11.29410000,11.29410000,11.27570000,11.27790000,3439.35000000,1681958879999,38807.74161400,113,1595.07000000,17993.62347100,0
1681958880000,11.27730000,11.29360000,11.27500000,11.28650000,2741.90000000,1681958939999,30930.05392700,90,2053.03000000,23157.30666000,0
1681958940000,11.28930000,11.29780000,11.28760000,11.29530000,2853.48000000,1681958999999,32224.64710200,83,1568.34000000,17712.66343200,0
1681959000000,11.29530000,11.29530000,11.28440000,11.28660000,1308.44000000,1681959059999,14769.70709200,44,250.96000000,2832.42832700,0
1681959060000,11.28460000,11.29840000,11.28450000,11.29660000,1290.22000000,1681959119999,14571.69248400,59,650.92000000,7349.83220600,0
1681959120000,11.29660000,11.30850000,11.29510000,11.30300000,1517.39000000,1681959179999,17150.26221700,80,1036.02000000,11708.43106300,0
1681959180000,11.30760000,11.30970000,11.30190000,11.30190000,1226.85000000,1681959239999,13870.46071500,40,209.86000000,2373.06528600,0
1681959240000,11.30430000,11.30480000,11.29700000,11.30000000,358.27000000,1681959299999,4048.59539000,26,217.15000000,2453.81280000,0
1681959300000,11.30000000,11.30290000,11.28950000,11.28950000,831.86000000,1681959359999,9399.07702700,36,132.68000000,1499.33849700,0
1681959360000,11.29100000,11.29100000,11.28070000,11.28310000,1433.62000000,1681959419999,16182.98441100,32,359.34000000,4053.90212300,0
1681959420000,11.28280000,11.28280000,11.27680000,11.27900000,1087.95000000,1681959479999,12270.83027600,33,58.06000000,654.87165000,0
1681959480000,11.27850000,11.27850000,11.26480000,11.26610000,481.79000000,1681959539999,5429.72136400,54,181.51000000,2045.43592200,0
1681959540000,11.26550000,11.26560000,11.25430000,11.26460000,2281.26000000,1681959599999,25684.22797500,75,1779.41000000,20033.59730800,0
1681959600000,11.26310000,11.27260000,11.25870000,11.26530000,2343.98000000,1681959659999,26409.05698000,61,945.50000000,10651.12249200,0
1681959660000,11.26770000,11.27210000,11.22510000,11.23410000,6176.08000000,1681959719999,69439.46682000,248,1871.58000000,21034.52392000,0
1681959720000,11.23280000,11.24240000,11.23050000,11.23230000,1393.52000000,1681959779999,15657.22202300,58,506.28000000,5687.41020300,0
1681959780000,11.23230000,11.23230000,11.21410000,11.22320000,2328.30000000,1681959839999,26130.67082000,96,1014.94000000,11389.42266100,0
1681959840000,11.22530000,11.22940000,11.21710000,11.21710000,1252.60000000,1681959899999,14059.01598000,39,738.35000000,8288.28327800,0
1681959900000,11.21850000,11.22240000,11.15550000,11.18980000,9447.60000000,1681959959999,105699.18207400,431,4170.60000000,46636.78020400,0
1681959960000,11.18980000,11.20220000,11.15630000,11.20010000,8670.79000000,1681960019999,96912.73829500,250,5365.77000000,59962.79697500,0
1681960020000,11.20290000,11.21250000,11.19520000,11.20000000,4885.78000000,1681960079999,54735.46643300,112,3297.55000000,36941.42413000,0
1681960080000,11.20000000,11.21320000,11.20000000,11.20690000,2040.60000000,1681960139999,22863.77036300,67,678.58000000,7604.27059300,0
1681960140000,11.20240000,11.20640000,11.19670000,11.20030000,554.43000000,1681960199999,6211.51182600,34,225.19000000,2522.95032000,0
1681960200000,11.20700000,11.24630000,11.20700000,11.24630000,2378.56000000,1681960259999,26703.56976700,121,1760.69000000,19762.70927200,0
1681960260000,11.24630000,11.26050000,11.24630000,11.25680000,2968.98000000,1681960319999,33414.63038100,98,1282.82000000,14438.84260400,0
1681960320000,11.25530000,11.27940000,11.25330000,11.26920000,2802.57000000,1681960379999,31578.33339200,115,1959.44000000,22077.89456400,0
1681960380000,11.26810000,11.27980000,11.26810000,11.27830000,1621.90000000,1681960439999,18287.66130400,48,764.11000000,8615.08134000,0
1681960440000,11.27830000,11.29260000,11.27830000,11.28630000,1411.86000000,1681960499999,15930.71944300,70,1224.91000000,13820.82753200,0
1681960500000,11.29050000,11.29070000,11.27310000,11.28070000,2039.18000000,1681960559999,23000.65818200,59,561.55000000,6335.15723800,0
1681960560000,11.27920000,11.29990000,11.27550000,11.29180000,2983.68000000,1681960619999,33676.93002600,97,1526.54000000,17226.09022300,0
1681960620000,11.29190000,11.29980000,11.27550000,11.28310000,4430.62000000,1681960679999,50009.03019400,112,1516.08000000,17111.11802400,0
1681960680000,11.28400000,11.28410000,11.27800000,11.28070000,410.80000000,1681960739999,4634.26606700,17,235.02000000,2651.40981400,0
1681960740000,11.28060000,11.28610000,11.27800000,11.27810000,3964.32000000,1681960799999,44717.74916100,68,1540.44000000,17381.15233000,0
1681960800000,11.28140000,11.29450000,11.28140000,11.29180000,1006.04000000,1681960859999,11355.38347300,38,989.75000000,11171.49897700,0
1681960860000,11.29310000,11.29850000,11.28200000,11.28270000,1806.35000000,1681960919999,20400.22440300,58,665.84000000,7520.82001600,0
1681960920000,11.28230000,11.30000000,11.28230000,11.28820000,1372.13000000,1681960979999,15495.57174300,50,1020.65000000,11526.64903200,0
1681960980000,11.29250000,11.29430000,11.27990000,11.28490000,5002.86000000,1681961039999,56462.37844200,76,2820.60000000,31830.13783500,0
1681961040000,11.28460000,11.29960000,11.28390000,11.29480000,521.64000000,1681961099999,5889.22416400,27,473.46000000,5345.25859000,0
1681961100000,11.29340000,11.29540000,11.28490000,11.28610000,2027.58000000,1681961159999,22890.32928400,34,825.74000000,9322.32852400,0
1681961160000,11.28630000,11.28950000,11.28630000,11.28950000,324.44000000,1681961219999,3662.43001200,10,324.44000000,3662.43001200,0
1681961220000,11.28960000,11.28960000,11.28190000,11.28380000,988.24000000,1681961279999,11153.26939400,43,779.05000000,8792.44367800,0
1681961280000,11.28150000,11.28920000,11.28150000,11.28500000,297.57000000,1681961339999,3358.66292400,19,125.07000000,1411.65059200,0
1681961340000,11.28750000,11.29980000,11.28750000,11.29640000,332.13000000,1681961399999,3750.69510700,27,274.36000000,3098.09593100,0
1681961400000,11.29600000,11.31100000,11.29600000,11.31100000,550.12000000,1681961459999,6217.18641800,48,430.70000000,4867.42619200,0
1681961460000,11.31020000,11.31950000,11.30880000,11.31090000,1045.25000000,1681961519999,11826.29017300,58,717.68000000,8121.14885200,0
1681961520000,11.31010000,11.31640000,11.30990000,11.31420000,1198.03000000,1681961579999,13551.64913800,29,491.64000000,5562.23407500,0
1681961580000,11.31100000,11.31320000,11.30420000,11.30960000,4055.15000000,1681961639999,45862.57721000,47,161.71000000,1828.78264300,0
1681961640000,11.30970000,11.30970000,11.30010000,11.30480000,1229.05000000,1681961699999,13896.43845100,42,764.16000000,8640.19587500,0
1681961700000,11.30320000,11.31690000,11.30320000,11.31480000,915.84000000,1681961759999,10357.81545600,29,849.61000000,9608.49169100,0
1681961760000,11.31610000,11.32360000,11.31560000,11.32200000,575.45000000,1681961819999,6513.63730700,45,344.42000000,3898.58175000,0
1681961820000,11.32330000,11.34710000,11.32330000,11.32560000,3332.35000000,1681961879999,37783.66365700,117,2753.34000000,31220.46636400,0
1681961880000,11.32560000,11.33850000,11.32560000,11.33110000,1535.64000000,1681961939999,17405.42131800,35,1453.59000000,16475.70397300,0
1681961940000,11.33110000,11.33120000,11.32670000,11.32670000,206.79000000,1681961999999,2342.95512900,16,185.51000000,2101.90335100,0
1681962000000,11.32670000,11.32670000,11.31140000,11.31410000,3070.24000000,1681962059999,34764.04431800,67,371.64000000,4207.37287900,0
1681962060000,11.31260000,11.31270000,11.30780000,11.30850000,2261.76000000,1681962119999,25579.24567900,50,849.27000000,9605.93306600,0
1681962120000,11.31050000,11.31270000,11.30840000,11.31260000,267.82000000,1681962179999,3029.33918400,12,257.71000000,2915.00842500,0
1681962180000,11.31270000,11.31450000,11.31270000,11.31450000,737.74000000,1681962239999,8345.84874000,11,729.18000000,8248.99662000,0
1681962240000,11.31810000,11.34150000,11.31810000,11.33010000,3914.58000000,1681962299999,44357.88281300,94,2027.34000000,22965.99209200,0
1681962300000,11.32930000,11.33100000,11.32120000,11.33100000,340.07000000,1681962359999,3851.84269700,25,53.41000000,604.80819300,0
1681962360000,11.33260000,11.34360000,11.33260000,11.34210000,2568.55000000,1681962419999,29129.42426300,59,1509.95000000,17122.86184700,0
1681962420000,11.34200000,11.36300000,11.34200000,11.36300000,1561.77000000,1681962479999,17728.70834700,78,1291.91000000,14665.09002000,0
1681962480000,11.35670000,11.37000000,11.35670000,11.36470000,3185.47000000,1681962539999,36196.73516800,97,2174.48000000,24709.97038400,0
1681962540000,11.36720000,11.37590000,11.35680000,11.35680000,1988.03000000,1681962599999,22598.83345200,85,1082.34000000,12306.12313000,0
1681962600000,11.35670000,11.35860000,11.34220000,11.35360000,7500.60000000,1681962659999,85150.94811100,119,358.35000000,4067.74325700,0
1681962660000,11.35050000,11.35310000,11.34580000,11.34580000,371.89000000,1681962719999,4220.42271800,28,295.34000000,3351.74710500,0
1681962720000,11.34580000,11.34900000,11.34000000,11.34300000,886.00000000,1681962779999,10051.85459500,42,736.41000000,8354.86454400,0
1681962780000,11.34530000,11.35190000,11.34530000,11.34760000,1223.87000000,1681962839999,13890.07656300,35,286.78000000,3254.00338900,0
1681962840000,11.34850000,11.34940000,11.33350000,11.34910000,2297.09000000,1681962899999,26055.83950700,77,422.52000000,4792.59130300,0
1681962900000,11.34820000,11.34890000,11.34050000,11.34050000,252.31000000,1681962959999,2862.69466700,20,201.77000000,2289.30633500,0
1681962960000,11.34190000,11.35960000,11.34190000,11.35830000,810.90000000,1681963019999,9200.83095700,37,707.85000000,8030.58776800,0
1681963020000,11.35770000,11.35970000,11.34980000,11.35110000,286.56000000,1681963079999,3253.65397400,22,53.95000000,612.60361800,0
1681963080000,11.35050000,11.35920000,11.34890000,11.35920000,660.27000000,1681963139999,7494.54862400,33,416.23000000,4724.35760500,0
1681963140000,11.35740000,11.36110000,11.35640000,11.36070000,808.69000000,1681963199999,9185.51149400,17,570.53000000,6480.55626900,0
1681963200000,11.36150000,11.36880000,11.34960000,11.34960000,2092.84000000,1681963259999,23771.19756100,73,384.82000000,4372.72326900,0
1681963260000,11.35180000,11.37570000,11.34900000,11.37120000,3908.47000000,1681963319999,44407.73676500,106,3600.62000000,40910.82538800,0
1681963320000,11.37440000,11.38500000,11.37430000,11.38230000,547.21000000,1681963379999,6227.58626200,52,246.04000000,2799.96036800,0
1681963380000,11.38110000,11.38680000,11.37990000,11.38680000,490.12000000,1681963439999,5579.67833000,32,427.85000000,4870.92218300,0
1681963440000,11.38590000,11.38750000,11.37760000,11.38040000,1589.07000000,1681963499999,18088.07275200,38,281.75000000,3207.37447000,0
1681963500000,11.37890000,11.37890000,11.35760000,11.36350000,1498.41000000,1681963559999,17033.47662200,69,544.03000000,6182.63029000,0
1681963560000,11.36560000,11.36980000,11.36260000,11.36900000,304.33000000,1681963619999,3459.30672200,36,174.04000000,1978.44994600,0
1681963620000,11.36950000,11.38950000,11.36950000,11.37210000,2412.21000000,1681963679999,27449.15330900,67,1733.10000000,19721.21565800,0
1681963680000,11.37370000,11.37490000,11.36360000,11.36360000,1360.18000000,1681963739999,15464.51526300,46,195.05000000,2218.15818900,0
1681963740000,11.36520000,11.37910000,11.36430000,11.37570000,2752.71000000,1681963799999,31304.05554300,35,2713.92000000,30862.85234200,0
1681963800000,11.37820000,11.38020000,11.36790000,11.36840000,449.33000000,1681963859999,5109.78121200,28,374.16000000,4255.10026900,0
1681963860000,11.36890000,11.37670000,11.36830000,11.37170000,1355.92000000,1681963919999,15420.63726300,37,1003.67000000,11414.46338200,0
1681963920000,11.37160000,11.37580000,11.36740000,11.37580000,275.54000000,1681963979999,3132.99359200,18,49.30000000,560.70378500,0
1681963980000,11.37260000,11.38250000,11.36350000,11.36950000,3161.17000000,1681964039999,35937.56464700,80,844.34000000,9603.52032700,0
1681964040000,11.37010000,11.37470000,11.36910000,11.37380000,14.09000000,1681964099999,160.25224800,6,2.01000000,22.85676300,0
1681964100000,11.37400000,11.38240000,11.37260000,11.37950000,1147.27000000,1681964159999,13054.31430600,42,788.73000000,8975.48917300,0
1681964160000,11.38090000,11.38440000,11.37460000,11.37460000,1228.85000000,1681964219999,13983.54579500,27,608.82000000,6929.99725800,0
1681964220000,11.37460000,11.38170000,11.37340000,11.37860000,1297.65000000,1681964279999,14761.98816100,34,192.88000000,2194.89253300,0
1681964280000,11.37850000,11.38330000,11.37720000,11.38330000,594.03000000,1681964339999,6759.45915200,14,554.14000000,6305.60996900,0
1681964340000,11.38390000,11.38600000,11.38390000,11.38420000,236.77000000,1681964399999,2695.50080900,10,231.05000000,2630.37998500,0
1681964400000,11.38600000,11.39000000,11.38600000,11.38810000,294.89000000,1681964459999,3358.21150600,29,257.02000000,2926.94760700,0
1681964460000,11.38820000,11.39700000,11.38820000,11.39670000,1924.18000000,1681964519999,21919.15396200,46,1175.29000000,13387.02577600,0
1681964520000,11.39670000,11.40000000,11.38970000,11.38970000,7270.78000000,1681964579999,82878.35316300,64,5012.64000000,57143.50341700,0
1681964580000,11.39100000,11.39300000,11.38420000,11.38420000,505.00000000,1681964639999,5751.67459200,34,99.11000000,1128.58687400,0
1681964640000,11.38410000,11.39140000,11.38250000,11.39140000,858.91000000,1681964699999,9780.44620600,22,741.82000000,8447.19751100,0
1681964700000,11.38410000,11.39730000,11.38380000,11.39730000,312.68000000,1681964759999,3561.95598300,23,219.78000000,2503.51672400,0
1681964760000,11.39730000,11.39860000,11.39340000,11.39510000,422.81000000,1681964819999,4819.06908800,20,143.28000000,1632.96082500,0
1681964820000,11.39760000,11.40000000,11.39740000,11.40000000,1874.02000000,1681964879999,21363.56473000,51,1664.94000000,18980.19475400,0
1681964880000,11.39870000,11.40000000,11.39870000,11.40000000,2931.92000000,1681964939999,33423.87374000,59,2896.80000000,33023.51982400,0
1681964940000,11.40000000,11.40000000,11.39560000,11.39990000,1747.88000000,1681964999999,19922.29325000,31,676.19000000,7708.23624700,0
1681965000000,11.39780000,11.39970000,11.39610000,11.39910000,1141.77000000,1681965059999,13014.02615700,24,424.14000000,4834.70501600,0
1681965060000,11.39730000,11.40000000,11.39430000,11.39960000,10100.00000000,1681965119999,115127.59835000,118,5994.19000000,68332.89265600,0
1681965120000,11.39610000,11.39770000,11.37220000,11.37370000,3220.18000000,1681965179999,36665.25659900,109,532.42000000,6059.71716100,0
1681965180000,11.37430000,11.37930000,11.37280000,11.37930000,1611.64000000,1681965239999,18330.55431000,24,1522.78000000,17319.87043400,0
1681965240000,11.37790000,11.38110000,11.37610000,11.37610000,1843.12000000,1681965299999,20972.91642400,33,648.27000000,7375.92759300,0
1681965300000,11.37310000,11.38160000,11.37300000,11.37310000,1289.76000000,1681965359999,14672.11678900,31,180.20000000,2050.21601400,0
1681965360000,11.37240000,11.37430000,11.36940000,11.36940000,454.19000000,1681965419999,5165.26238500,19,249.55000000,2838.11880100,0
1681965420000,11.36940000,11.37060000,11.36720000,11.36800000,518.01000000,1681965479999,5889.20283300,24,347.60000000,3951.88707200,0
1681965480000,11.37120000,11.37570000,11.37120000,11.37570000,446.50000000,1681965539999,5077.59375500,14,417.51000000,4747.89338400,0
1681965540000,11.37320000,11.37480000,11.37260000,11.37260000,73.44000000,1681965599999,835.29293400,4,39.84000000,453.17203200,0
1681965600000,11.37290000,11.37290000,11.36540000,11.36980000,1156.16000000,1681965659999,13144.28705700,35,394.50000000,4484.52313800,0
1681965660000,11.36560000,11.37480000,11.36520000,11.37240000,233.63000000,1681965719999,2655.65206400,10,55.11000000,626.67222100,0
1681965720000,11.37240000,11.37990000,11.37120000,11.37940000,365.59000000,1681965779999,4158.03008600,18,356.19000000,4051.09756600,0
1681965780000,11.37680000,11.38160000,11.37680000,11.38140000,259.45000000,1681965839999,2952.39375300,19,11.59000000,131.90290100,0
1681965840000,11.37960000,11.37960000,11.37200000,11.37240000,532.38000000,1681965899999,6056.69202200,9,10.49000000,119.30578000,0
1681965900000,11.37300000,11.38530000,11.37300000,11.38530000,510.37000000,1681965959999,5809.80710100,16,509.50000000,5799.91259100,0
1681965960000,11.38520000,11.38810000,11.38230000,11.38230000,342.36000000,1681966019999,3897.97775200,28,242.65000000,2762.71608100,0
1681966020000,11.38340000,11.38480000,11.37970000,11.38330000,216.86000000,1681966079999,2468.50257300,16,121.32000000,1381.00928600,0
1681966080000,11.38090000,11.38780000,11.37950000,11.38780000,1320.46000000,1681966139999,15031.87811700,32,1120.46000000,12755.90080600,0
1681966140000,11.38410000,11.38570000,11.38250000,11.38250000,368.22000000,1681966199999,4191.95646900,10,321.87000000,3664.33543400,0
1681966200000,11.38290000,11.39190000,11.38060000,11.39060000,950.21000000,1681966259999,10821.11971900,49,793.31000000,9035.09381700,0
1681966260000,11.39250000,11.39990000,11.39250000,11.39950000,561.23000000,1681966319999,6395.39269500,36,464.94000000,5297.98199200,0
1681966320000,11.39950000,11.40000000,11.39800000,11.39800000,636.36000000,1681966379999,7254.43638200,21,514.39000000,5864.03912200,0
1681966380000,11.39710000,11.39860000,11.39020000,11.39230000,2161.32000000,1681966439999,24624.76292500,52,502.94000000,5730.59170900,0
1681966440000,11.39490000,11.39490000,11.37760000,11.37760000,1539.26000000,1681966499999,17518.78138400,44,62.33000000,709.60946800,0
1681966500000,11.37820000,11.38190000,11.37030000,11.37030000,390.76000000,1681966559999,4445.27339200,37,241.87000000,2751.44565900,0
1681966560000,11.36990000,11.37280000,11.36000000,11.37280000,3581.23000000,1681966619999,40699.43845500,77,979.53000000,11134.26751300,0
1681966620000,11.37280000,11.37730000,11.36550000,11.36600000,302.87000000,1681966679999,3443.66245400,23,123.27000000,1401.99526500,0
1681966680000,11.36540000,11.36740000,11.35930000,11.36660000,1227.30000000,1681966739999,13945.13659500,59,881.20000000,10012.56055600,0
1681966740000,11.36410000,11.36410000,11.35970000,11.35970000,602.44000000,1681966799999,6844.70107600,19,183.44000000,2084.00735900,0
1681966800000,11.36140000,11.36890000,11.35800000,11.36180000,733.77000000,1681966859999,8336.68729700,46,106.76000000,1213.22551100,0
1681966860000,11.36120000,11.36210000,11.34250000,11.34360000,2933.20000000,1681966919999,33292.45043500,122,808.07000000,9171.68648500,0
1681966920000,11.34360000,11.36800000,11.34360000,11.36800000,1220.36000000,1681966979999,13857.88122500,53,1022.31000000,11608.26030200,0
1681966980000,11.36910000,11.38870000,11.36910000,11.37760000,1462.69000000,1681967039999,16647.56058400,76,1011.67000000,11514.03687300,0
1681967040000,11.37850000,11.38090000,11.37560000,11.38090000,679.04000000,1681967099999,7726.47027200,23,574.04000000,6531.75707000,0
1681967100000,11.38170000,11.38690000,11.38170000,11.38400000,276.21000000,1681967159999,3144.50261200,17,274.50000000,3125.03990500,0
1681967160000,11.38600000,11.38890000,11.38600000,11.38880000,595.45000000,1681967219999,6780.07890600,14,524.69000000,5974.26431200,0
1681967220000,11.38880000,11.39790000,11.38820000,11.39630000,883.88000000,1681967279999,10069.20360500,61,761.53000000,8675.59210200,0
1681967280000,11.39620000,11.40000000,11.39510000,11.39990000,3261.30000000,1681967339999,37178.38154200,36,2928.31000000,33382.65584400,0
1681967340000,11.39990000,11.40000000,11.39640000,11.39990000,2752.97000000,1681967399999,31382.92290500,60,1645.27000000,18755.95859100,0
1681967400000,11.39990000,11.40000000,11.38300000,11.38680000,18749.65000000,1681967459999,213729.03018800,123,15533.65000000,177078.91076300,0
1681967460000,11.38790000,11.39030000,11.38460000,11.38950000,269.67000000,1681967519999,3071.28738000,26,262.16000000,2985.77943700,0
1681967520000,11.38960000,11.38960000,11.37890000,11.37890000,613.65000000,1681967579999,6986.05910300,35,140.46000000,1599.71754900,0
1681967580000,11.37900000,11.38390000,11.37150000,11.38110000,407.38000000,1681967639999,4634.58804300,29,149.72000000,1703.46015400,0
1681967640000,11.37880000,11.38060000,11.37450000,11.37630000,367.59000000,1681967699999,4182.94332300,18,186.05000000,2117.24495800,0
1681967700000,11.38000000,11.38040000,11.36960000,11.37070000,1025.68000000,1681967759999,11670.54930600,19,898.37000000,10222.99568100,0
1681967760000,11.36960000,11.36960000,11.36590000,11.36680000,445.61000000,1681967819999,5065.75818400,30,275.50000000,3131.70397000,0
1681967820000,11.36750000,11.37360000,11.36210000,11.36620000,670.45000000,1681967879999,7621.20102500,37,495.53000000,5632.94127700,0
1681967880000,11.36390000,11.36390000,11.36000000,11.36150000,108.22000000,1681967939999,1229.54545500,15,36.70000000,416.93515000,0
1681967940000,11.36180000,11.36260000,11.35770000,11.35770000,220.16000000,1681967999999,2501.21759100,18,73.50000000,835.04658000,0
1681968000000,11.35860000,11.36030000,11.35420000,11.35420000,400.84000000,1681968059999,4553.08752600,26,318.26000000,3615.22325900,0
1681968060000,11.35420000,11.36420000,11.34950000,11.36360000,1189.32000000,1681968119999,13505.79029500,31,756.70000000,8594.64883100,0
1681968120000,11.36420000,11.36960000,11.36390000,11.36960000,414.62000000,1681968179999,4712.28626800,22,408.34000000,4640.90794800,0
1681968180000,11.36700000,11.36910000,11.35950000,11.35950000,1154.86000000,1681968239999,13125.72958900,20,253.13000000,2877.69126200,0
1681968240000,11.36230000,11.36340000,11.35860000,11.35860000,447.79000000,1681968299999,5086.79255800,13,122.44000000,1391.00779500,0
1681968300000,11.35850000,11.35850000,11.33950000,11.35400000,2969.79000000,1681968359999,33690.09716600,87,1022.85000000,11604.90894700,0
1681968360000,11.35450000,11.35540000,11.35040000,11.35130000,1170.89000000,1681968419999,13294.85681100,13,983.98000000,11172.59866700,0
1681968420000,11.35340000,11.35480000,11.35120000,11.35480000,684.01000000,1681968479999,7765.09527000,19,102.34000000,1161.96762800,0
1681968480000,11.34800000,11.34890000,11.34090000,11.34820000,1299.44000000,1681968539999,14743.17274900,49,394.48000000,4476.31845000,0
1681968540000,11.34860000,11.34860000,11.34540000,11.34540000,31.62000000,1681968599999,358.75562800,6,7.74000000,87.82747600,0
1681968600000,11.34630000,11.35900000,11.34590000,11.34690000,3138.36000000,1681968659999,35626.26845900,55,983.33000000,11165.29055000,0
1681968660000,11.34600000,11.34600000,11.33710000,11.33980000,1225.79000000,1681968719999,13902.42338800,40,210.86000000,2390.91483500,0
1681968720000,11.34150000,11.34540000,11.33230000,11.33760000,1388.07000000,1681968779999,15740.71450800,34,775.78000000,8798.27502300,0
1681968780000,11.34050000,11.34070000,11.33000000,11.33000000,1144.40000000,1681968839999,12972.42226800,38,633.58000000,7183.83834100,0
1681968840000,11.32890000,11.33280000,11.32680000,11.33280000,1878.28000000,1681968899999,21278.53850900,24,1673.57000000,18959.69908300,0
1681968900000,11.32750000,11.32750000,11.30640000,11.31470000,2605.34000000,1681968959999,29479.86009800,112,1067.81000000,12080.22583100,0
1681968960000,11.31650000,11.32600000,11.31650000,11.32600000,2108.24000000,1681969019999,23870.70604400,48,802.62000000,9087.57181200,0
1681969020000,11.32600000,11.32600000,11.31120000,11.31330000,1053.15000000,1681969079999,11919.03437200,49,236.88000000,2679.94184800,0
1681969080000,11.31430000,11.32570000,11.31420000,11.32280000,1032.76000000,1681969139999,11692.82594700,34,780.57000000,8837.23908700,0
1681969140000,11.32570000,11.33500000,11.32520000,11.33450000,1159.66000000,1681969199999,13140.33909600,30,1066.96000000,12090.42991400,0
1681969200000,11.33520000,11.33520000,11.32790000,11.33060000,979.88000000,1681969259999,11103.05622100,25,575.65000000,6523.08789600,0
1681969260000,11.32590000,11.32900000,11.31070000,11.31110000,1634.08000000,1681969319999,18494.23380200,50,11.29000000,127.83162800,0
1681969320000,11.31510000,11.32370000,11.31220000,11.31980000,2424.28000000,1681969379999,27439.29700400,56,1205.83000000,13647.23065300,0
1681969380000,11.32340000,11.32340000,11.31410000,11.31410000,130.76000000,1681969439999,1480.00272600,9,40.04000000,453.27519600,0
1681969440000,11.31310000,11.31410000,11.29800000,11.30160000,2582.77000000,1681969499999,29203.07743000,92,644.15000000,7283.98737400,0
1681969500000,11.30060000,11.30570000,11.30010000,11.30570000,516.27000000,1681969559999,5835.87184300,19,457.05000000,5166.66919700,0
1681969560000,11.30650000,11.30820000,11.27650000,11.27650000,4936.83000000,1681969619999,55743.69734800,214,634.02000000,7155.02782700,0
1681969620000,11.27630000,11.29310000,11.26380000,11.29310000,2237.27000000,1681969679999,25223.15201900,101,860.10000000,9703.04061100,0
1681969680000,11.29280000,11.29670000,11.28570000,11.28570000,298.52000000,1681969739999,3371.51654600,19,187.59000000,2118.96009100,0
1681969740000,11.28610000,11.29220000,11.27890000,11.29220000,1256.57000000,1681969799999,14182.41775500,44,911.29000000,10286.06881100,0
1681969800000,11.29220000,11.30990000,11.29210000,11.30800000,1487.43000000,1681969859999,16806.35527500,65,1334.29000000,15076.06396500,0
1681969860000,11.30760000,11.31900000,11.30760000,11.31900000,1442.71000000,1681969919999,16317.98239000,39,1019.73000000,11533.95244000,0
1681969920000,11.32020000,11.32360000,11.31770000,11.31910000,1215.13000000,1681969979999,13755.49682000,30,963.37000000,10905.51302000,0
1681969980000,11.32330000,11.32370000,11.31900000,11.32190000,139.77000000,1681970039999,1582.58442100,9,130.29000000,1475.27635300,0
1681970040000,11.32200000,11.32840000,11.32200000,11.32840000,307.54000000,1681970099999,3483.25846500,26,291.74000000,3304.32050600,0
1681970100000,11.32840000,11.33970000,11.32740000,11.33970000,974.22000000,1681970159999,11044.38041800,45,876.36000000,9935.60732700,0
1681970160000,11.34170000,11.35000000,11.34170000,11.34870000,796.63000000,1681970219999,9040.62005600,41,572.28000000,6494.62592300,0
1681970220000,11.34780000,11.35790000,11.34570000,11.35580000,2723.66000000,1681970279999,30912.04859300,71,836.13000000,9490.00299100,0
1681970280000,11.35360000,11.35560000,11.34290000,11.34720000,358.33000000,1681970339999,4066.58808700,18,101.29000000,1149.47610200,0
1681970340000,11.35020000,11.35020000,11.34020000,11.34730000,1217.83000000,1681970399999,13817.46015000,34,417.48000000,4736.38201800,0
1681970400000,11.35030000,11.36590000,11.35030000,11.35750000,1456.39000000,1681970459999,16538.84858500,70,1227.99000000,13943.82607300,0
1681970460000,11.35490000,11.35490000,11.34010000,11.34130000,1372.93000000,1681970519999,15575.66261700,61,118.84000000,1348.43527400,0
1681970520000,11.34150000,11.34150000,11.33080000,11.33260000,1911.13000000,1681970579999,21664.16277500,95,560.77000000,6354.38966400,0
1681970580000,11.33760000,11.34220000,11.33260000,11.33600000,1592.68000000,1681970639999,18056.89835200,33,860.48000000,9754.45020800,0
1681970640000,11.33520000,11.33610000,11.33340000,11.33500000,271.66000000,1681970699999,3078.97632600,23,195.39000000,2214.54786100,0
1681970700000,11.33360000,11.35790000,11.33340000,11.35540000,1054.22000000,1681970759999,11959.25994000,60,789.99000000,8961.12729500,0
1681970760000,11.35630000,11.36370000,11.35430000,11.36350000,4977.43000000,1681970819999,56532.60292800,120,3292.97000000,37404.87326800,0
1681970820000,11.36340000,11.36640000,11.36090000,11.36280000,1971.97000000,1681970879999,22406.30729100,52,1842.90000000,20939.40440100,0
1681970880000,11.36690000,11.38810000,11.36690000,11.38450000,2574.69000000,1681970939999,29288.35652000,101,2331.87000000,26525.64734400,0
1681970940000,11.38500000,11.39750000,11.37590000,11.37590000,3580.59000000,1681970999999,40769.20204000,94,2025.18000000,23068.62985400,0
1681971000000,11.37540000,11.38130000,11.37330000,11.37980000,484.87000000,1681971059999,5517.21712500,22,313.78000000,3570.82433800,0
1681971060000,11.38110000,11.38210000,11.37570000,11.37570000,561.61000000,1681971119999,6390.31435400,25,133.15000000,1515.11083400,0
1681971120000,11.37370000,11.37410000,11.36830000,11.37410000,1397.73000000,1681971179999,15893.09291800,38,830.84000000,9446.78328400,0
1681971180000,11.37370000,11.38820000,11.37140000,11.38520000,4771.59000000,1681971239999,54283.48321200,77,4645.84000000,52852.03819900,0
1681971240000,11.38420000,11.39200000,11.38410000,11.39200000,150.72000000,1681971299999,1716.29247000,14,55.66000000,633.74240000,0
1681971300000,11.39200000,11.40970000,11.39200000,11.40970000,23563.74000000,1681971359999,268616.07359700,275,17904.37000000,204108.06227300,0
1681971360000,11.40900000,11.40920000,11.38340000,11.39920000,6123.11000000,1681971419999,69766.35176700,137,1241.44000000,14148.19888500,0
1681971420000,11.39990000,11.40750000,11.39990000,11.40550000,1349.27000000,1681971479999,15387.61891900,57,512.54000000,5845.51795500,0
1681971480000,11.40730000,11.41680000,11.40500000,11.40730000,1032.71000000,1681971539999,11784.86714600,60,454.71000000,5189.34304600,0
1681971540000,11.40860000,11.41600000,11.40850000,11.41220000,1786.93000000,1681971599999,20396.10573900,29,1699.01000000,19392.96860500,0
1681971600000,11.41150000,11.41840000,11.39630000,11.39630000,2938.65000000,1681971659999,33522.62186800,86,259.51000000,2961.10339000,0
1681971660000,11.39630000,11.40490000,11.39490000,11.39540000,1179.49000000,1681971719999,13445.97301200,51,734.30000000,8370.45855200,0
1681971720000,11.39510000,11.40230000,11.39500000,11.40230000,2326.72000000,1681971779999,26522.69653400,45,1927.51000000,21972.93552100,0
1681971780000,11.40210000,11.40360000,11.39900000,11.39900000,2807.69000000,1681971839999,32008.53762900,36,126.73000000,1444.83552400,0
1681971840000,11.39650000,11.40030000,11.39650000,11.39790000,169.86000000,1681971899999,1936.23852300,11,86.91000000,990.65793100,0
1681971900000,11.39970000,11.40570000,11.39780000,11.40010000,1594.02000000,1681971959999,18173.85793200,51,1132.45000000,12911.49659100,0
1681971960000,11.40090000,11.40470000,11.39520000,11.40040000,587.24000000,1681972019999,6694.96439900,38,121.27000000,1382.41456400,0
1681972020000,11.40210000,11.40610000,11.40210000,11.40390000,436.60000000,1681972079999,4979.05958300,22,250.80000000,2860.05237800,0
1681972080000,11.40410000,11.40670000,11.39440000,11.39610000,1817.73000000,1681972139999,20719.98110300,35,234.17000000,2670.67315200,0
1681972140000,11.39670000,11.39850000,11.39430000,11.39750000,119.24000000,1681972199999,1359.08766700,12,115.35000000,1314.76288800,0
1681972200000,11.39750000,11.40740000,11.38010000,11.38010000,2465.55000000,1681972259999,28080.48296300,114,809.12000000,9221.63532900,0
1681972260000,11.38000000,11.38050000,11.37660000,11.37990000,586.96000000,1681972319999,6678.92367300,35,496.60000000,5650.85409200,0
1681972320000,11.38040000,11.38210000,11.37190000,11.38090000,994.90000000,1681972379999,11316.10027600,55,560.28000000,6373.03227100,0
1681972380000,11.38090000,11.38090000,11.36670000,11.37330000,1490.53000000,1681972439999,16951.99769600,80,744.79000000,8471.31111800,0
1681972440000,11.37270000,11.37740000,11.37270000,11.37550000,149.43000000,1681972499999,1699.72961600,8,126.26000000,1436.15730900,0
1681972500000,11.36860000,11.36990000,11.36840000,11.36840000,1191.01000000,1681972559999,13540.42927100,72,856.03000000,9732.17742700,0
1681972560000,11.36970000,11.37960000,11.36560000,11.36640000,859.07000000,1681972619999,9767.98171300,93,333.43000000,3790.89947000,0
1681972620000,11.36640000,11.36640000,11.34740000,11.35260000,3752.62000000,1681972679999,42613.63601800,130,1723.84000000,19574.05248400,0
1681972680000,11.35350000,11.35530000,11.35350000,11.35530000,127.76000000,1681972739999,1450.71338900,10,96.47000000,1095.44579100,0
1681972740000,11.35920000,11.36960000,11.35710000,11.36760000,796.34000000,1681972799999,9049.44074800,47,779.98000000,8863.47759900,0
1681972800000,11.36880000,11.37950000,11.36880000,11.37740000,468.61000000,1681972859999,5330.29854200,44,339.92000000,3866.20107200,0
1681972860000,11.37820000,11.37820000,11.36700000,11.36700000,1285.34000000,1681972919999,14618.68114300,32,3.40000000,38.65604800,0
1681972920000,11.36700000,11.37770000,11.36400000,11.37770000,1296.60000000,1681972979999,14740.34091900,38,428.68000000,4874.58794800,0
1681972980000,11.37500000,11.37500000,11.36570000,11.37000000,848.86000000,1681973039999,9654.40277700,23,60.75000000,690.74370400,0
1681973040000,11.36860000,11.37010000,11.36300000,11.36320000,939.92000000,1681973099999,10684.13041800,31,13.63000000,154.95288600,0
1681973100000,11.36320000,11.39130000,11.36270000,11.39130000,4980.48000000,1681973159999,56679.49218300,121,3884.52000000,44202.66583900,0
1681973160000,11.38300000,11.38480000,11.36790000,11.37440000,1226.45000000,1681973219999,13947.13099100,55,913.58000000,10387.37591100,0
1681973220000,11.37400000,11.37400000,11.36670000,11.37200000,583.33000000,1681973279999,6633.07833700,30,283.48000000,3223.62175700,0
1681973280000,11.37150000,11.37500000,11.37080000,11.37180000,266.07000000,1681973339999,3026.03208300,13,184.63000000,2099.92461000,0
1681973340000,11.37180000,11.37180000,11.36230000,11.36230000,792.08000000,1681973399999,9001.99721300,38,445.17000000,5059.28794300,0
1681973400000,11.36300000,11.37590000,11.36300000,11.37550000,1310.53000000,1681973459999,14897.17922700,28,1169.79000000,13296.30116500,0
1681973460000,11.36990000,11.37750000,11.36990000,11.37370000,554.32000000,1681973519999,6303.99097300,31,456.48000000,5191.09316500,0
1681973520000,11.37110000,11.37210000,11.36550000,11.36550000,628.63000000,1681973579999,7146.53571600,32,482.44000000,5484.45668500,0
1681973580000,11.36830000,11.37180000,11.36250000,11.36650000,3253.06000000,1681973639999,36971.36226800,63,296.83000000,3373.98388600,0
1681973640000,11.36760000,11.37000000,11.36550000,11.37000000,152.26000000,1681973699999,1730.68025500,12,100.56000000,1143.08390500,0
1681973700000,11.37000000,11.37370000,11.36960000,11.37090000,404.86000000,1681973759999,4604.09120500,17,277.07000000,3150.81349800,0
1681973760000,11.37190000,11.38300000,11.37190000,11.38060000,1005.30000000,1681973819999,11438.91554100,45,707.62000000,8051.48489600,0
1681973820000,11.38340000,11.38980000,11.38310000,11.38870000,588.03000000,1681973879999,6694.90797800,33,485.22000000,5524.37719700,0
1681973880000,11.38880000,11.38880000,11.37340000,11.37340000,2158.85000000,1681973939999,24575.91956400,53,226.34000000,2576.45471800,0
1681973940000,11.37490000,11.38150000,11.36050000,11.36310000,5186.89000000,1681973999999,58997.48398300,115,1429.21000000,16254.32677500,0
1681974000000,11.36310000,11.37090000,11.35940000,11.35940000,1210.58000000,1681974059999,13756.36899800,63,928.46000000,10550.96456800,0
1681974060000,11.35930000,11.35940000,11.33090000,11.34180000,3632.24000000,1681974119999,41203.53542100,182,1585.62000000,17983.13435000,0
1681974120000,11.33750000,11.35120000,11.33730000,11.35120000,477.60000000,1681974179999,5416.21261700,27,253.72000000,2877.81489400,0
1681974180000,11.35180000,11.35190000,11.34100000,11.34700000,1696.54000000,1681974239999,19245.07649700,46,1260.96000000,14302.82678000,0
1681974240000,11.34870000,11.35470000,11.34470000,11.35080000,869.73000000,1681974299999,9871.02128600,57,418.17000000,4746.48279200,0
1681974300000,11.35010000,11.35510000,11.33930000,11.33970000,1737.03000000,1681974359999,19709.63268000,87,852.60000000,9674.88274800,0
1681974360000,11.33990000,11.34080000,11.32400000,11.32980000,1791.90000000,1681974419999,20305.13045600,109,538.17000000,6099.21615200,0
1681974420000,11.33080000,11.33330000,11.32530000,11.33260000,774.55000000,1681974479999,8775.98982800,37,708.24000000,8024.90843600,0
1681974480000,11.33030000,11.33830000,11.32340000,11.33830000,2065.97000000,1681974539999,23406.55948800,73,1094.95000000,12406.99962100,0
1681974540000,11.33820000,11.34150000,11.33820000,11.33860000,932.47000000,1681974599999,10573.91255900,28,236.38000000,2680.72123300,0
1681974600000,11.34170000,11.34570000,11.33990000,11.34010000,238.30000000,1681974659999,2702.95367100,19,169.53000000,1923.02662700,0
1681974660000,11.34130000,11.34390000,11.33950000,11.34050000,488.14000000,1681974719999,5536.19002400,24,357.04000000,4049.41116400,0
1681974720000,11.34080000,11.34080000,11.33110000,11.33860000,3104.29000000,1681974779999,35194.45876600,50,496.22000000,5625.03716900,0
1681974780000,11.33960000,11.33960000,11.32450000,11.32450000,519.59000000,1681974839999,5887.61243700,50,218.59000000,2477.78492500,0
1681974840000,11.32720000,11.33070000,11.32040000,11.32220000,1447.55000000,1681974899999,16391.58511400,60,519.25000000,5879.81179300,0
1681974900000,11.32180000,11.33120000,11.32180000,11.32940000,1824.91000000,1681974959999,20672.36989600,30,1664.88000000,18859.27970800,0
1681974960000,11.32930000,11.33950000,11.32730000,11.33830000,2019.26000000,1681975019999,22886.65039200,57,1715.54000000,19445.44849600,0
1681975020000,11.33830000,11.34440000,11.33830000,11.34180000,691.29000000,1681975079999,7839.99480200,30,240.07000000,2722.60762100,0
1681975080000,11.34120000,11.34360000,11.33560000,11.34360000,1681.08000000,1681975139999,19063.77687000,27,508.21000000,5763.29302000,0
1681975140000,11.34210000,11.34840000,11.34200000,11.34840000,226.14000000,1681975199999,2565.59713600,15,222.39000000,2523.05548300,0
1681975200000,11.34580000,11.34580000,11.33710000,11.34000000,1974.94000000,1681975259999,22397.97063900,39,24.26000000,275.20500000,0
1681975260000,11.34180000,11.34210000,11.33940000,11.33940000,236.39000000,1681975319999,2681.02856800,14,57.59000000,653.15054600,0
1681975320000,11.34020000,11.34020000,11.33180000,11.33210000,582.42000000,1681975379999,6602.77717000,41,160.29000000,1817.63528400,0
1681975380000,11.33080000,11.33130000,11.31750000,11.31750000,1102.64000000,1681975439999,12485.57484700,61,552.73000000,6258.77493000,0
1681975440000,11.31790000,11.33160000,11.31770000,11.32390000,988.01000000,1681975499999,11190.55553900,39,430.64000000,4876.64135400,0
1681975500000,11.32710000,11.33300000,11.31720000,11.31780000,823.47000000,1681975559999,9326.50857000,41,216.94000000,2456.15344100,0
1681975560000,11.31840000,11.32340000,11.31840000,11.32340000,89.88000000,1681975619999,1017.39748400,9,79.88000000,904.18348400,0
1681975620000,11.32340000,11.32340000,11.30590000,11.30590000,672.61000000,1681975679999,7609.02313400,69,126.61000000,1431.99946800,0
1681975680000,11.30650000,11.32330000,11.30280000,11.32320000,2500.18000000,1681975739999,28287.98845500,72,1974.30000000,22341.87784200,0
1681975740000,11.32210000,11.32620000,11.32080000,11.32610000,476.70000000,1681975799999,5397.97707300,33,121.49000000,1375.87667900,0
1681975800000,11.32400000,11.32400000,11.30650000,11.30960000,876.13000000,1681975859999,9914.45916000,38,343.02000000,3881.96620100,0
1681975860000,11.30940000,11.30940000,11.29020000,11.29870000,3373.81000000,1681975919999,38113.69257900,151,458.01000000,5173.72263800,0
1681975920000,11.29450000,11.30150000,11.29000000,11.29970000,2102.08000000,1681975979999,23741.66877500,64,1295.26000000,14629.40316700,0
1681975980000,11.30000000,11.30550000,11.29800000,11.30550000,623.15000000,1681976039999,7042.13633600,22,532.94000000,6022.70411400,0
1681976040000,11.30480000,11.30920000,11.30460000,11.30700000,127.63000000,1681976099999,1443.26850600,17,50.22000000,567.85945200,0
1681976100000,11.30810000,11.30920000,11.29270000,11.29790000,2934.64000000,1681976159999,33172.49372100,93,1377.41000000,15569.19516800,0
1681976160000,11.29860000,11.29860000,11.29010000,11.29030000,492.15000000,1681976219999,5558.17185800,30,150.25000000,1697.18415100,0
1681976220000,11.29000000,11.29210000,11.28110000,11.29120000,1699.00000000,1681976279999,19176.59045300,79,1245.56000000,14058.48178100,0
1681976280000,11.29170000,11.29170000,11.28550000,11.28550000,847.96000000,1681976339999,9573.21826700,33,166.37000000,1878.55856400,0
1681976340000,11.28270000,11.30580000,11.28270000,11.30520000,1302.39000000,1681976399999,14712.21202700,43,1187.75000000,13416.54899500,0
1681976400000,11.30620000,11.30620000,11.29250000,11.29260000,442.82000000,1681976459999,5002.69957700,29,49.29000000,556.76104200,0
1681976460000,11.29250000,11.29600000,11.28370000,11.29130000,441.56000000,1681976519999,4985.50639500,35,267.89000000,3024.71126000,0
1681976520000,11.29520000,11.31000000,11.29180000,11.30680000,2367.45000000,1681976579999,26767.53868000,63,373.14000000,4218.08470100,0
1681976580000,11.30690000,11.30690000,11.28670000,11.28970000,2665.55000000,1681976639999,30098.03575600,65,1712.20000000,19327.75527900,0
1681976640000,11.29140000,11.29540000,11.28980000,11.29320000,892.53000000,1681976699999,10079.04760300,38,527.45000000,5955.90421900,0
1681976700000,11.29010000,11.29010000,11.28200000,11.28440000,1121.52000000,1681976759999,12657.15560200,50,424.08000000,4785.68730200,0
1681976760000,11.28500000,11.29480000,11.28500000,11.29430000,3984.24000000,1681976819999,44989.42619100,42,1574.36000000,17776.53006400,0
1681976820000,11.29220000,11.29580000,11.28560000,11.28560000,341.66000000,1681976879999,3857.01406600,16,170.60000000,1926.01806300,0
1681976880000,11.28630000,11.28630000,11.28520000,11.28550000,109.06000000,1681976939999,1230.82495100,5,104.66000000,1181.17007100,0
1681976940000,11.28470000,11.29640000,11.28360000,11.29600000,1678.50000000,1681976999999,18946.91990500,75,1504.28000000,16979.97185100,0
1681977000000,11.29450000,11.30540000,11.29440000,11.29760000,1153.59000000,1681977059999,13035.53050000,36,787.42000000,8897.77560200,0
1681977060000,11.29830000,11.30700000,11.29830000,11.30700000,432.73000000,1681977119999,4892.18169300,21,193.89000000,2191.85615200,0
1681977120000,11.30730000,11.31190000,11.30410000,11.30430000,2060.33000000,1681977179999,23299.12392300,39,241.56000000,2731.30210600,0
1681977180000,11.30560000,11.30570000,11.29710000,11.29900000,1001.58000000,1681977239999,11318.30408900,24,286.30000000,3234.98133200,0
1681977240000,11.29720000,11.29720000,11.28760000,11.28800000,600.74000000,1681977299999,6784.03812000,38,280.53000000,3167.41989600,0
1681977300000,11.28800000,11.30420000,11.28750000,11.30420000,1286.98000000,1681977359999,14540.04412800,35,1222.28000000,13809.22262000,0
1681977360000,11.30240000,11.30370000,11.29490000,11.29500000,2083.68000000,1681977419999,23540.84405400,45,315.39000000,3563.65835400,0
1681977420000,11.29410000,11.29430000,11.28920000,11.29020000,340.23000000,1681977479999,3841.87300800,22,8.42000000,95.08033100,0
1681977480000,11.29020000,11.29020000,11.27680000,11.27900000,3215.51000000,1681977539999,36274.85539200,83,443.60000000,5004.65877700,0
1681977540000,11.27700000,11.27700000,11.26000000,11.27150000,3381.53000000,1681977599999,38108.51634500,121,1941.86000000,21883.44649900,0
1681977600000,11.27310000,11.28050000,11.27310000,11.27600000,1389.79000000,1681977659999,15673.84769100,45,905.36000000,10210.64007200,0
1681977660000,11.27420000,11.27420000,11.26180000,11.26180000,2226.18000000,1681977719999,25088.84647000,59,182.99000000,2061.65772600,0
1681977720000,11.26190000,11.26300000,11.24470000,11.25800000,12753.95000000,1681977779999,143500.72386800,211,7478.18000000,84131.88149600,0
1681977780000,11.25930000,11.26910000,11.25930000,11.26830000,579.48000000,1681977839999,6527.49356600,28,154.52000000,1740.32571300,0
1681977840000,11.26760000,11.26760000,11.25960000,11.26160000,1228.86000000,1681977899999,13842.61129000,25,175.34000000,1974.80651900,0
1681977900000,11.26170000,11.28320000,11.26000000,11.28250000,2229.00000000,1681977959999,25121.36962000,62,1641.52000000,18497.31219100,0
1681977960000,11.28270000,11.28280000,11.27640000,11.27940000,1126.14000000,1681978019999,12703.05487600,29,353.91000000,3991.74213000,0
1681978020000,11.27940000,11.27940000,11.27090000,11.27390000,1095.21000000,1681978079999,12347.88099200,28,484.30000000,5459.66644700,0
1681978080000,11.27590000,11.28360000,11.27350000,11.28330000,862.55000000,1681978139999,9729.22012000,38,634.49000000,7157.49985200,0
1681978140000,11.28250000,11.29650000,11.28250000,11.29140000,733.46000000,1681978199999,8280.40798600,44,545.49000000,6157.55372100,0
1681978200000,11.29160000,11.30290000,11.29110000,11.30100000,222.51000000,1681978259999,2513.90578600,18,156.62000000,1769.47004800,0
1681978260000,11.30240000,11.32060000,11.30240000,11.31760000,859.18000000,1681978319999,9720.29232800,65,671.76000000,7599.21126300,0
1681978320000,11.31800000,11.33510000,11.31770000,11.32340000,2074.23000000,1681978379999,23485.65847200,77,1051.27000000,11901.62670100,0
1681978380000,11.32400000,11.33130000,11.31920000,11.33130000,1140.18000000,1681978439999,12912.50121300,33,900.39000000,10197.48501200,0
1681978440000,11.33130000,11.33510000,11.33090000,11.33390000,308.06000000,1681978499999,3490.99027000,21,223.39000000,2531.55064400,0
1681978500000,11.33320000,11.33810000,11.32590000,11.33210000,1120.43000000,1681978559999,12697.01117100,41,541.86000000,6140.54282900,0
1681978560000,11.33330000,11.33660000,11.33330000,11.33550000,140.17000000,1681978619999,1588.86671100,10,131.01000000,1485.04818700,0
1681978620000,11.33470000,11.34460000,11.33470000,11.34300000,1922.62000000,1681978679999,21803.08631200,62,1682.92000000,19084.46807200,0
1681978680000,11.34440000,11.34600000,11.34440000,11.34490000,396.65000000,1681978739999,4500.02677300,28,125.63000000,1425.23818700,0
1681978740000,11.34380000,11.34850000,11.33680000,11.34070000,1057.07000000,1681978799999,11988.86461500,37,731.01000000,8290.73052500,0
1681978800000,11.33880000,11.34870000,11.33880000,11.34460000,885.68000000,1681978859999,10047.43180500,27,499.07000000,5660.85216600,0
1681978860000,11.34470000,11.36000000,11.34470000,11.35990000,847.39000000,1681978919999,9623.59820700,63,377.67000000,4288.07197900,0
1681978920000,11.35660000,11.36970000,11.35660000,11.36370000,1198.67000000,1681978979999,13620.50038100,53,856.88000000,9736.03835500,0
1681978980000,11.36610000,11.37070000,11.35580000,11.36000000,955.30000000,1681979039999,10854.64008100,40,481.23000000,5467.14712000,0
1681979040000,11.36300000,11.36750000,11.36090000,11.36180000,987.55000000,1681979099999,11223.35018600,38,458.72000000,5213.14246500,0
1681979100000,11.36080000,11.36760000,11.36000000,11.36000000,534.26000000,1681979159999,6070.98049000,31,398.47000000,4528.20586400,0
1681979160000,11.36000000,11.36000000,11.35420000,11.35920000,1439.43000000,1681979219999,16348.17266500,44,693.02000000,7871.52141000,0
1681979220000,11.35450000,11.35450000,11.34630000,11.35400000,996.17000000,1681979279999,11307.07693200,44,463.40000000,5260.06544400,0
1681979280000,11.35540000,11.35540000,11.35010000,11.35390000,262.91000000,1681979339999,2984.91072300,16,148.30000000,1683.64372300,0
1681979340000,11.35520000,11.36200000,11.35280000,11.36200000,398.81000000,1681979399999,4529.06288900,30,218.17000000,2477.47139300,0
1681979400000,11.36200000,11.38700000,11.36190000,11.37870000,3085.47000000,1681979459999,35113.11067900,128,2120.55000000,24131.24577300,0
1681979460000,11.37910000,11.38000000,11.36430000,11.36430000,676.54000000,1681979519999,7693.88086000,58,435.00000000,4946.77493700,0
1681979520000,11.36340000,11.36340000,11.35270000,11.35590000,749.09000000,1681979579999,8507.61197000,39,414.03000000,4702.46697500,0
1681979580000,11.35550000,11.36280000,11.34870000,11.35610000,1086.46000000,1681979639999,12339.30092300,46,863.91000000,9812.03186200,0
1681979640000,11.35520000,11.35520000,11.34650000,11.34650000,480.16000000,1681979699999,5450.36799900,21,73.98000000,839.75639600,0
1681979700000,11.34470000,11.34820000,11.33200000,11.33870000,1898.22000000,1681979759999,21528.01751500,70,657.49000000,7459.38043400,0
1681979760000,11.33940000,11.34060000,11.32010000,11.32680000,1558.69000000,1681979819999,17659.95424600,60,538.77000000,6104.35418000,0
1681979820000,11.32970000,11.32970000,11.31170000,11.31670000,1793.52000000,1681979879999,20302.72100900,66,264.29000000,2990.35800500,0
1681979880000,11.31270000,11.31380000,11.30800000,11.30820000,339.74000000,1681979939999,3843.12836600,22,89.66000000,1014.29217600,0
1681979940000,11.30790000,11.31720000,11.28500000,11.31720000,8813.60000000,1681979999999,99596.92325800,198,4526.26000000,51145.28598400,0
1681980000000,11.31700000,11.33910000,11.30960000,11.33050000,867.93000000,1681980059999,9831.91649200,55,601.86000000,6818.92464800,0
1681980060000,11.33260000,11.34040000,11.31430000,11.32170000,4304.73000000,1681980119999,48748.00667400,108,1379.14000000,15614.66224400,0
1681980120000,11.32680000,11.32680000,11.31090000,11.31790000,1211.15000000,1681980179999,13709.28260100,47,470.24000000,5322.27883000,0
1681980180000,11.31950000,11.32630000,11.31340000,11.31810000,1179.24000000,1681980239999,13350.78858700,32,426.17000000,4824.14250100,0
1681980240000,11.32120000,11.32710000,11.31870000,11.32030000,456.99000000,1681980299999,5174.47201800,18,364.46000000,4126.82025000,0
1681980300000,11.32180000,11.32210000,11.31220000,11.31370000,1147.97000000,1681980359999,12994.63816900,32,454.27000000,5142.14011900,0
1681980360000,11.31280000,11.33370000,11.31010000,11.32280000,1632.15000000,1681980419999,18478.32948100,56,941.88000000,10661.56448100,0
1681980420000,11.32470000,11.32470000,11.31260000,11.31630000,1797.10000000,1681980479999,20337.81134800,47,1084.60000000,12272.92423300,0
1681980480000,11.31960000,11.32310000,11.31830000,11.32310000,139.67000000,1681980539999,1581.17625600,14,23.23000000,262.94344300,0
1681980540000,11.31910000,11.31910000,11.31100000,11.31100000,606.32000000,1681980599999,6860.92007800,30,33.42000000,378.15775000,0
1681980600000,11.31110000,11.32990000,11.31110000,11.32960000,823.37000000,1681980659999,9322.95012600,41,757.79000000,8580.27537100,0
1681980660000,11.32700000,11.32730000,11.31000000,11.31540000,9143.87000000,1681980719999,103500.57061100,105,174.39000000,1973.00502200,0
1681980720000,11.31160000,11.32410000,11.31160000,11.31820000,1205.80000000,1681980779999,13650.62722300,38,903.71000000,10230.11880300,0
1681980780000,11.32260000,11.33180000,11.32260000,11.33180000,297.50000000,1681980839999,3370.11481400,31,252.29000000,2858.03548100,0
1681980840000,11.33210000,11.33210000,11.32060000,11.32630000,1530.01000000,1681980899999,17330.59692000,45,249.38000000,2824.14482400,0
1681980900000,11.32950000,11.32980000,11.31890000,11.32080000,667.95000000,1681980959999,7563.67720100,19,324.59000000,3675.86974300,0
1681980960000,11.32250000,11.33730000,11.32220000,11.33150000,1614.86000000,1681981019999,18300.36274800,54,497.07000000,5632.14570700,0
1681981020000,11.33170000,11.33240000,11.31070000,11.31080000,899.17000000,1681981079999,10176.81611100,56,242.64000000,2746.64939600,0
1681981080000,11.31060000,11.31060000,11.29580000,11.30190000,1527.47000000,1681981139999,17260.61232700,58,1068.74000000,12076.03616800,0
1681981140000,11.30400000,11.31190000,11.30110000,11.30110000,1971.90000000,1681981199999,22295.59579300,49,770.02000000,8705.61080100,0
1681981200000,11.29980000,11.29990000,11.29470000,11.29890000,1295.99000000,1681981259999,14640.19064300,36,979.58000000,11065.07009800,0
1681981260000,11.29850000,11.30780000,11.29850000,11.30680000,337.10000000,1681981319999,3809.84041300,14,291.16000000,3290.47577100,0
1681981320000,11.30780000,11.31090000,11.30310000,11.30760000,979.89000000,1681981379999,11079.41757500,30,51.97000000,587.74005900,0
1681981380000,11.30620000,11.34170000,11.30500000,11.34170000,4410.25000000,1681981439999,49925.74872400,111,3732.38000000,42246.27611000,0
1681981440000,11.33690000,11.33910000,11.32120000,11.32660000,2122.95000000,1681981499999,24058.00515400,49,379.81000000,4303.57496900,0
1681981500000,11.32870000,11.34450000,11.32870000,11.33540000,1242.76000000,1681981559999,14090.14677000,51,1228.89000000,13932.88598800,0
1681981560000,11.34010000,11.34020000,11.32700000,11.33090000,837.53000000,1681981619999,9490.35211400,23,528.82000000,5991.53501900,0
1681981620000,11.33550000,11.33550000,11.32440000,11.33170000,759.20000000,1681981679999,8601.60437000,28,120.60000000,1366.34132100,0
1681981680000,11.32910000,11.32910000,11.32140000,11.32140000,331.69000000,1681981739999,3756.04542500,17,81.95000000,928.28080200,0
1681981740000,11.32290000,11.33180000,11.32290000,11.33180000,608.23000000,1681981799999,6890.28158100,11,543.00000000,6151.20258700,0
1681981800000,11.32920000,11.33540000,11.32200000,11.33540000,1636.40000000,1681981859999,18534.93244800,33,1199.90000000,13590.72525900,0
1681981860000,11.33640000,11.35000000,11.33640000,11.34820000,989.35000000,1681981919999,11219.52698900,57,828.22000000,9392.28400800,0
1681981920000,11.34850000,11.35910000,11.34850000,11.35910000,785.42000000,1681981979999,8916.91023700,46,718.08000000,8152.43007200,0
1681981980000,11.36050000,11.36300000,11.34890000,11.34890000,2788.47000000,1681982039999,31665.83225500,48,335.18000000,3804.74156100,0
1681982040000,11.34890000,11.35340000,11.34460000,11.34760000,2198.36000000,1681982099999,24946.31003900,60,631.36000000,7165.79339900,0
1681982100000,11.34900000,11.35320000,11.34750000,11.35320000,1057.07000000,1681982159999,11997.00152000,45,901.18000000,10227.85820200,0
1681982160000,11.35070000,11.35070000,11.34890000,11.34900000,997.41000000,1681982219999,11319.76702400,29,475.20000000,5393.17288000,0
1681982220000,11.34900000,11.34900000,11.34770000,11.34880000,633.82000000,1681982279999,7192.97517900,19,358.80000000,4071.90802000,0
1681982280000,11.35010000,11.36330000,11.35010000,11.36320000,810.31000000,1681982339999,9204.52418300,49,417.90000000,4746.23331600,0
1681982340000,11.36220000,11.38000000,11.36220000,11.38000000,1696.03000000,1681982399999,19287.01281900,83,954.57000000,10854.40141800,0
1681982400000,11.38000000,11.38310000,11.36730000,11.37070000,1714.07000000,1681982459999,19494.26189100,54,699.57000000,7959.43292200,0
1681982460000,11.37170000,11.37950000,11.37170000,11.37950000,1315.55000000,1681982519999,14963.54712200,27,1227.90000000,13966.23912800,0
1681982520000,11.37990000,11.39980000,11.37990000,11.39980000,848.85000000,1681982579999,9668.81110000,74,701.86000000,7994.52757100,0
1681982580000,11.39740000,11.40610000,11.39230000,11.39230000,1890.10000000,1681982639999,21544.61549400,72,847.71000000,9665.51708900,0
1681982640000,11.39140000,11.39170000,11.37500000,11.38270000,1300.48000000,1681982699999,14801.24694700,51,303.22000000,3451.52104500,0
1681982700000,11.38020000,11.38180000,11.36930000,11.37040000,773.47000000,1681982759999,8798.21917300,52,196.68000000,2237.03625900,0
1681982760000,11.37010000,11.37010000,11.36090000,11.36640000,492.15000000,1681982819999,5593.35612900,31,114.01000000,1295.80395200,0
1681982820000,11.36470000,11.39160000,11.36470000,11.39140000,770.66000000,1681982879999,8772.53651200,46,427.02000000,4859.62787400,0
1681982880000,11.39340000,11.39340000,11.38250000,11.38250000,413.73000000,1681982939999,4712.21737700,23,47.38000000,539.68137300,0
1681982940000,11.38120000,11.39300000,11.38120000,11.39300000,436.39000000,1681982999999,4970.43413800,19,377.22000000,4296.31624500,0
1681983000000,11.39000000,11.39000000,11.37730000,11.38050000,644.00000000,1681983059999,7330.23582700,35,430.80000000,4902.95739500,0
1681983060000,11.38000000,11.38880000,11.37750000,11.38880000,279.08000000,1681983119999,3176.02359900,12,75.95000000,864.44592700,0
1681983120000,11.38880000,11.40150000,11.38880000,11.40150000,1293.33000000,1681983179999,14739.06216200,39,910.45000000,10376.29600900,0
1681983180000,11.40050000,11.40050000,11.39110000,11.39670000,1570.52000000,1681983239999,17899.98484200,35,396.05000000,4512.96710500,0
1681983240000,11.39180000,11.40730000,11.39180000,11.40730000,697.43000000,1681983299999,7951.81008700,27,585.80000000,6679.80434200,0
1681983300000,11.40120000,11.40330000,11.39480000,11.39920000,1195.83000000,1681983359999,13630.35797800,27,485.13000000,5529.23684000,0
1681983360000,11.39930000,11.41660000,11.39930000,11.41620000,4050.15000000,1681983419999,46214.32380500,96,3629.43000000,41412.34914400,0
1681983420000,11.41470000,11.41690000,11.40020000,11.41690000,1554.98000000,1681983479999,17735.95271900,50,808.10000000,9215.87115400,0
1681983480000,11.41720000,11.43300000,11.41420000,11.43200000,2639.33000000,1681983539999,30151.67672200,89,2036.47000000,23263.00654300,0
1681983540000,11.42740000,11.43050000,11.41690000,11.41930000,1549.12000000,1681983599999,17695.73658700,27,329.08000000,3758.56778500,0
1681983600000,11.41960000,11.43740000,11.41550000,11.42670000,2461.45000000,1681983659999,28130.12172100,81,1785.93000000,20407.15151900,0
1681983660000,11.42860000,11.43430000,11.41420000,11.42110000,2517.57000000,1681983719999,28769.15421200,52,1067.67000000,12199.83043300,0
1681983720000,11.42360000,11.42760000,11.41800000,11.42000000,788.39000000,1681983779999,9006.76339700,37,521.52000000,5958.70634000,0
1681983780000,11.41850000,11.41900000,11.41230000,11.41900000,479.02000000,1681983839999,5468.77108200,27,310.15000000,3541.00592600,0
1681983840000,11.41520000,11.42590000,11.41120000,11.42590000,645.85000000,1681983899999,7374.50912900,31,601.32000000,6865.80855400,0
1681983900000,11.42490000,11.43250000,11.41870000,11.41870000,2847.47000000,1681983959999,32538.56125400,62,1737.32000000,19853.13714000,0
1681983960000,11.41820000,11.42130000,11.41610000,11.42010000,401.00000000,1681984019999,4578.96578300,25,231.15000000,2639.65310000,0
1681984020000,11.42110000,11.42620000,11.41680000,11.42260000,723.39000000,1681984079999,8262.86354000,20,641.90000000,7332.09874200,0
1681984080000,11.41670000,11.41670000,11.39470000,11.39580000,3875.87000000,1681984139999,44212.74024700,98,864.69000000,9860.66922400,0
1681984140000,11.39420000,11.39900000,11.39080000,11.39900000,403.84000000,1681984199999,4601.50524000,25,357.41000000,4072.44590700,0
1681984200000,11.39840000,11.40760000,11.39840000,11.40540000,2121.82000000,1681984259999,24190.30325300,39,2075.84000000,23665.92953200,0
1681984260000,11.40410000,11.41040000,11.40410000,11.40750000,279.54000000,1681984319999,3188.90761500,33,185.70000000,2118.50206500,0
1681984320000,11.40750000,11.41190000,11.40430000,11.41180000,1004.46000000,1681984379999,11457.43779900,22,46.46000000,530.07037800,0
1681984380000,11.40990000,11.43090000,11.40990000,11.42390000,693.34000000,1681984439999,7916.51187700,51,419.65000000,4791.05522700,0
1681984440000,11.42450000,11.42450000,11.41050000,11.41500000,1472.95000000,1681984499999,16818.93524500,35,572.80000000,6537.99871900,0
1681984500000,11.41420000,11.42290000,11.40870000,11.42290000,549.59000000,1681984559999,6274.86507600,20,539.70000000,6162.02446500,0
1681984560000,11.41800000,11.43200000,11.41800000,11.42130000,794.54000000,1681984619999,9079.35307600,41,309.20000000,3534.12580800,0
1681984620000,11.42890000,11.43200000,11.42890000,11.43100000,192.41000000,1681984679999,2199.47012600,10,98.36000000,1124.43231600,0
1681984680000,11.43200000,11.43200000,11.40760000,11.42560000,6186.43000000,1681984739999,70656.46095200,114,4544.05000000,51893.69640500,0
1681984740000,11.42580000,11.42810000,11.42270000,11.42270000,797.82000000,1681984799999,9116.52995500,18,59.30000000,677.59939300,0
1681984800000,11.41660000,11.41660000,11.40900000,11.41500000,953.75000000,1681984859999,10885.11708300,32,692.04000000,7897.83675800,0
1681984860000,11.41820000,11.42420000,11.41810000,11.42250000,453.44000000,1681984919999,5179.25235200,12,160.57000000,1833.92135300,0
1681984920000,11.42100000,11.43260000,11.42100000,11.42900000,882.66000000,1681984979999,10083.95495400,35,859.68000000,9821.32675000,0
1681984980000,11.43040000,11.44160000,11.42980000,11.44160000,880.33000000,1681985039999,10066.30143500,65,668.37000000,7642.86946100,0
1681985040000,11.44080000,11.45170000,11.44080000,11.45170000,679.56000000,1681985099999,7778.31288500,44,530.78000000,6075.75649800,0
1681985100000,11.45160000,11.45160000,11.43670000,11.43850000,1379.67000000,1681985159999,15785.37204200,26,530.65000000,6070.87677900,0
1681985160000,11.43800000,11.44370000,11.42640000,11.42680000,2226.85000000,1681985219999,25473.26083500,51,1330.68000000,15223.12022900,0
1681985220000,11.42610000,11.43580000,11.42610000,11.43410000,560.01000000,1681985279999,6400.42644900,11,560.01000000,6400.42644900,0
1681985280000,11.43160000,11.43800000,11.41450000,11.41640000,1106.98000000,1681985339999,12648.29639300,57,237.48000000,2713.67448300,0
1681985340000,11.41780000,11.41780000,11.40390000,11.40390000,620.79000000,1681985399999,7085.08039800,33,204.77000000,2337.46667300,0
1681985400000,11.40370000,11.41000000,11.40370000,11.40900000,584.31000000,1681985459999,6666.17159000,13,480.73000000,5484.65958200,0
1681985460000,11.40790000,11.40800000,11.38680000,11.40260000,2942.31000000,1681985519999,33528.60692500,76,1055.55000000,12026.24115100,0
1681985520000,11.40260000,11.40500000,11.39050000,11.39050000,255.06000000,1681985579999,2907.67706600,23,98.42000000,1121.96905300,0
1681985580000,11.38980000,11.39730000,11.38980000,11.39260000,518.33000000,1681985639999,5905.16984200,15,489.66000000,5578.59441600,0
1681985640000,11.39200000,11.39210000,11.38560000,11.38820000,773.87000000,1681985699999,8811.74074100,21,68.13000000,775.84771800,0
1681985700000,11.39090000,11.39090000,11.38760000,11.38760000,356.69000000,1681985759999,4062.95151000,11,330.27000000,3762.04476700,0
1681985760000,11.38620000,11.38620000,11.37510000,11.37600000,1221.05000000,1681985819999,13892.61758800,40,173.60000000,1975.00248600,0
1681985820000,11.37800000,11.38940000,11.37760000,11.38590000,875.92000000,1681985879999,9971.33425900,43,700.36000000,7973.04151000,0
1681985880000,11.38580000,11.39480000,11.37740000,11.39240000,739.14000000,1681985939999,8414.66057100,35,517.15000000,5888.00345500,0
1681985940000,11.39660000,11.40520000,11.39510000,11.39910000,1095.44000000,1681985999999,12487.20720700,30,260.54000000,2969.81811400,0
1681986000000,11.39100000,11.39100000,11.36860000,11.36860000,1476.99000000,1681986059999,16809.67310800,53,186.24000000,2118.62625900,0
1681986060000,11.37150000,11.37810000,11.36570000,11.36570000,1646.30000000,1681986119999,18724.50164700,21,1057.89000000,12032.50401600,0
1681986120000,11.36430000,11.38420000,11.36330000,11.38250000,1717.08000000,1681986179999,19532.14074600,49,848.48000000,9654.10382600,0
1681986180000,11.38020000,11.38020000,11.36500000,11.37390000,1073.67000000,1681986239999,12207.17343700,33,197.54000000,2246.50362100,0
1681986240000,11.37550000,11.37880000,11.36250000,11.37800000,1194.46000000,1681986299999,13581.44606400,34,584.14000000,6641.88455100,0
1681986300000,11.37810000,11.38380000,11.36810000,11.37790000,1173.67000000,1681986359999,13349.86372400,31,815.36000000,9273.62137700,0
1681986360000,11.38110000,11.38890000,11.38020000,11.38650000,2270.48000000,1681986419999,25848.76883700,38,1402.63000000,15966.80945800,0
1681986420000,11.38500000,11.38670000,11.37750000,11.38670000,1310.45000000,1681986479999,14915.34797800,19,172.73000000,1965.42706600,0
1681986480000,11.38250000,11.38340000,11.37750000,11.38340000,246.05000000,1681986539999,2800.53138200,8,59.77000000,680.26395000,0
1681986540000,11.37800000,11.38050000,11.37800000,11.37800000,34.79000000,1681986599999,395.89307000,4,20.98000000,238.76289000,0
1681986600000,11.37960000,11.38520000,11.35530000,11.35750000,1681.91000000,1681986659999,19129.27308500,58,1117.22000000,12711.60583700,0
1681986660000,11.35530000,11.36810000,11.35260000,11.36520000,1678.94000000,1681986719999,19070.99769100,46,927.41000000,10535.05779800,0
1681986720000,11.36400000,11.37660000,11.36170000,11.37410000,2010.98000000,1681986779999,22859.95254500,45,766.45000000,8713.10406800,0
1681986780000,11.37270000,11.37270000,11.35540000,11.36680000,2450.63000000,1681986839999,27849.24465800,44,963.97000000,10952.60300500,0
1681986840000,11.36530000,11.37830000,11.36530000,11.36800000,3633.96000000,1681986899999,41312.53908400,54,3449.77000000,39217.74432600,0
1681986900000,11.36500000,11.37130000,11.36460000,11.36940000,44.23000000,1681986959999,502.81397500,6,32.99000000,375.05819900,0
1681986960000,11.37550000,11.37970000,11.37070000,11.37070000,431.62000000,1681987019999,4910.99191600,21,333.72000000,3797.17683000,0
1681987020000,11.37440000,11.37440000,11.36140000,11.36170000,2853.95000000,1681987079999,32441.75194400,57,55.48000000,630.57157500,0
1681987080000,11.36230000,11.37130000,11.36230000,11.36730000,9423.71000000,1681987139999,107080.39274700,74,9340.71000000,106136.69757300,0
1681987140000,11.36700000,11.37150000,11.36530000,11.37150000,261.45000000,1681987199999,2972.18613800,12,197.86000000,2249.39472800,0
1681987200000,11.37150000,11.38890000,11.37150000,11.38720000,911.68000000,1681987259999,10377.72028400,51,694.47000000,7904.46324500,0
1681987260000,11.38770000,11.39060000,11.38040000,11.39060000,240.97000000,1681987319999,2743.24875100,20,138.51000000,1577.15387800,0
1681987320000,11.39140000,11.39770000,11.37570000,11.37730000,3728.51000000,1681987379999,42439.32803100,65,848.95000000,9667.16689100,0
1681987380000,11.38070000,11.38670000,11.38070000,11.38670000,851.54000000,1681987439999,9693.69346200,17,652.44000000,7427.44791600,0
1681987440000,11.38470000,11.38950000,11.38230000,11.38900000,446.97000000,1681987499999,5088.74681200,23,181.62000000,2067.57079800,0
1681987500000,11.38920000,11.39200000,11.38100000,11.39200000,2250.81000000,1681987559999,25626.82457500,46,1557.67000000,17735.07176200,0
1681987560000,11.39110000,11.39200000,11.39110000,11.39200000,247.90000000,1681987619999,2824.07420200,11,243.52000000,2774.17984000,0
1681987620000,11.39190000,11.39200000,11.38500000,11.39200000,2572.86000000,1681987679999,29299.35989200,48,1599.77000000,18218.08036400,0
1681987680000,11.39200000,11.39670000,11.38270000,11.38390000,1895.66000000,1681987739999,21588.94158800,56,1206.27000000,13739.05890200,0
1681987740000,11.38370000,11.38490000,11.37560000,11.38490000,2085.48000000,1681987799999,23731.55171200,43,1077.94000000,12267.19197700,0
1681987800000,11.38360000,11.39660000,11.38310000,11.39410000,811.68000000,1681987859999,9243.73818700,27,554.84000000,6319.22725500,0
1681987860000,11.39240000,11.39240000,11.38120000,11.38220000,1008.20000000,1681987919999,11482.06150000,23,155.29000000,1767.95262800,0
1681987920000,11.38080000,11.38080000,11.36700000,11.36800000,410.55000000,1681987979999,4669.26768200,43,181.81000000,2067.58444400,0
1681987980000,11.36710000,11.36740000,11.36250000,11.36510000,461.23000000,1681988039999,5241.97321100,23,195.92000000,2226.27209100,0
1681988040000,11.36790000,11.36920000,11.36790000,11.36900000,64.92000000,1681988099999,738.04397600,6,64.92000000,738.04397600,0
1681988100000,11.36790000,11.38430000,11.36790000,11.38430000,1702.02000000,1681988159999,19363.17274500,37,1654.88000000,18826.52006300,0
1681988160000,11.38430000,11.38980000,11.38430000,11.38720000,148.29000000,1681988219999,1688.56972400,24,57.25000000,651.83961700,0
1681988220000,11.39010000,11.39560000,11.38640000,11.38810000,2155.88000000,1681988279999,24554.29857800,43,837.14000000,9536.24483900,0
1681988280000,11.38710000,11.38710000,11.38360000,11.38600000,314.79000000,1681988339999,3583.72954000,11,56.23000000,640.20661800,0
1681988340000,11.38440000,11.38440000,11.37260000,11.37510000,1253.31000000,1681988399999,14259.45339400,36,348.84000000,3968.03996400,0
1681988400000,11.37400000,11.37400000,11.36100000,11.36370000,1081.34000000,1681988459999,12292.87975600,38,120.89000000,1373.87424400,0
1681988460000,11.36100000,11.37800000,11.36100000,11.37140000,970.48000000,1681988519999,11031.33133200,41,849.71000000,9657.49034200,0
1681988520000,11.37520000,11.38090000,11.37140000,11.37670000,1539.60000000,1681988579999,17511.13291900,37,1164.45000000,13244.26771000,0
1681988580000,11.37480000,11.37650000,11.35620000,11.35620000,1350.88000000,1681988639999,15353.22206900,39,306.42000000,3483.03377500,0
1681988640000,11.35410000,11.35990000,11.34500000,11.34510000,2188.76000000,1681988699999,24846.00156200,51,754.41000000,8567.36352800,0
1681988700000,11.34570000,11.34570000,11.31820000,11.32480000,1949.82000000,1681988759999,22095.13568800,98,754.32000000,8546.31487400,0
1681988760000,11.32190000,11.34190000,11.31870000,11.31870000,5337.68000000,1681988819999,60459.61867500,108,2017.25000000,22849.98507700,0
1681988820000,11.31850000,11.33040000,11.31260000,11.31530000,11241.17000000,1681988879999,127230.72349900,192,6223.10000000,70418.88513300,0
1681988880000,11.31380000,11.31380000,11.29420000,11.29790000,10177.71000000,1681988939999,115005.57060100,263,5989.12000000,67669.62817500,0
1681988940000,11.29790000,11.31130000,11.29790000,11.30330000,11887.48000000,1681988999999,134325.24444300,150,11098.47000000,125407.31113700,0
1681989000000,11.30330000,11.31350000,11.30230000,11.30550000,1871.26000000,1681989059999,21158.46627000,70,1438.22000000,16261.94980400,0
1681989060000,11.30550000,11.31190000,11.30500000,11.30930000,1608.39000000,1681989119999,18186.64005700,53,1001.59000000,11324.96339300,0
1681989120000,11.30940000,11.33080000,11.30940000,11.32750000,5942.61000000,1681989179999,67265.42435300,104,5685.01000000,64348.80328800,0
1681989180000,11.32750000,11.34250000,11.31850000,11.31850000,3908.19000000,1681989239999,44273.50998300,133,1658.49000000,18793.77230500,0
1681989240000,11.31860000,11.33750000,11.31740000,11.33730000,1263.64000000,1681989299999,14313.51259900,54,1208.96000000,13694.03702900,0
1681989300000,11.34100000,11.35560000,11.32540000,11.32540000,3127.73000000,1681989359999,35463.83695200,117,1205.02000000,13672.21991800,0
1681989360000,11.32940000,11.32940000,11.31140000,11.31570000,2271.81000000,1681989419999,25712.24284200,91,1091.25000000,12352.64247900,0
1681989420000,11.31570000,11.33750000,11.31570000,11.33550000,1072.26000000,1681989479999,12142.31244000,58,1011.94000000,11458.78414700,0
1681989480000,11.33750000,11.33750000,11.31930000,11.31990000,725.25000000,1681989539999,8215.83840300,49,241.61000000,2737.44528000,0
1681989540000,11.31990000,11.32500000,11.30360000,11.31620000,3150.17000000,1681989599999,35641.10497000,127,1851.22000000,20945.76018100,0
1681989600000,11.31620000,11.34180000,11.31620000,11.33910000,1084.58000000,1681989659999,12291.37022100,69,758.09000000,8590.46707900,0
1681989660000,11.34020000,11.34400000,11.33750000,11.34160000,281.09000000,1681989719999,3187.76835600,23,140.89000000,1597.93234500,0
1681989720000,11.34260000,11.35490000,11.33960000,11.34170000,2810.83000000,1681989779999,31896.47436400,72,965.98000000,10962.74663400,0
1681989780000,11.34520000,11.34930000,11.33720000,11.33790000,573.13000000,1681989839999,6500.00440000,30,126.09000000,1430.87926100,0
1681989840000,11.33950000,11.33950000,11.33100000,11.33280000,204.02000000,1681989899999,2312.56174400,26,69.18000000,784.28943900,0
1681989900000,11.33260000,11.34020000,11.32970000,11.32970000,1560.40000000,1681989959999,17684.90771200,41,56.03000000,635.29804400,0
1681989960000,11.33230000,11.34880000,11.32910000,11.34730000,1658.78000000,1681990019999,18814.12869800,66,1404.23000000,15929.05104400,0
1681990020000,11.34800000,11.35020000,11.33980000,11.34310000,482.48000000,1681990079999,5473.76710600,30,214.23000000,2430.19104500,0
1681990080000,11.34230000,11.34470000,11.33920000,11.34470000,304.82000000,1681990139999,3457.57823800,20,278.20000000,3155.68629400,0
1681990140000,11.34460000,11.34610000,11.34030000,11.34130000,298.52000000,1681990199999,3386.02630900,22,114.16000000,1294.96440600,0
1681990200000,11.34130000,11.34130000,11.32950000,11.34030000,1288.86000000,1681990259999,14609.05665500,51,559.33000000,6340.21548500,0
1681990260000,11.34030000,11.34590000,11.34030000,11.34590000,376.04000000,1681990319999,4265.08405900,23,343.46000000,3895.61708500,0
1681990320000,11.34590000,11.34600000,11.32810000,11.32850000,884.54000000,1681990379999,10025.34239300,33,95.74000000,1085.25382700,0
1681990380000,11.32850000,11.33000000,11.31080000,11.31330000,1461.82000000,1681990439999,16550.38072800,71,372.43000000,4216.41542500,0
1681990440000,11.31400000,11.32580000,11.29980000,11.32580000,2337.45000000,1681990499999,26445.64966000,90,1321.42000000,14946.85916000,0
1681990500000,11.32590000,11.33440000,11.32460000,11.32460000,295.56000000,1681990559999,3348.95363700,23,91.23000000,1033.62109200,0
1681990560000,11.32320000,11.32880000,11.32200000,11.32200000,359.57000000,1681990619999,4072.20219800,16,87.41000000,989.98029400,0
1681990620000,11.32200000,11.32580000,11.32050000,11.32580000,458.52000000,1681990679999,5191.78818800,18,357.60000000,4049.10501800,0
1681990680000,11.32580000,11.32880000,11.27080000,11.28090000,39372.69000000,1681990739999,444529.26844300,363,1235.10000000,13962.67915300,0
1681990740000,11.27840000,11.29380000,11.26840000,11.28770000,7117.34000000,1681990799999,80298.60749600,204,5560.40000000,62735.17144600,0
1681990800000,11.28610000,11.29470000,11.25000000,11.26730000,22224.65000000,1681990859999,250305.61534400,391,4395.55000000,49512.54287700,0
1681990860000,11.26720000,11.27860000,11.25550000,11.27310000,5867.14000000,1681990919999,66103.27587200,137,1727.17000000,19462.92694100,0
1681990920000,11.26940000,11.27710000,11.23780000,11.24300000,23330.13000000,1681990979999,262416.39063900,378,11127.16000000,125104.86218700,0
1681990980000,11.24350000,11.25630000,11.23890000,11.23990000,14934.43000000,1681991039999,167908.55483300,222,9615.52000000,108087.86724800,0
1681991040000,11.24000000,11.25000000,11.24000000,11.24890000,12349.41000000,1681991099999,138829.50613100,226,10063.59000000,113117.95221500,0
1681991100000,11.25000000,11.26260000,11.24570000,11.25020000,5052.36000000,1681991159999,56854.05960900,197,1993.28000000,22429.43250500,0
1681991160000,11.25090000,11.25490000,11.22130000,11.23650000,3353.09000000,1681991219999,37669.99032600,233,1152.26000000,12940.46676100,0
1681991220000,11.23740000,11.24460000,11.21720000,11.21720000,6854.85000000,1681991279999,76950.97802300,204,2350.79000000,26391.76023300,0
1681991280000,11.21730000,11.22410000,11.19470000,11.21570000,24297.04000000,1681991339999,272272.33225100,525,3239.82000000,36325.62569100,0
1681991340000,11.21630000,11.25200000,11.21630000,11.24760000,5245.21000000,1681991399999,58918.79309100,231,4107.51000000,46134.55301800,0
1681991400000,11.24760000,11.24770000,11.21550000,11.21760000,13403.89000000,1681991459999,150443.90397200,231,7392.44000000,82954.49100400,0
1681991460000,11.21760000,11.23470000,11.21760000,11.22290000,3139.02000000,1681991519999,35238.92938100,181,2360.26000000,26496.27935400,0
1681991520000,11.22290000,11.22290000,11.20220000,11.20880000,9246.84000000,1681991579999,103668.27807100,314,3547.51000000,39774.74266900,0
1681991580000,11.20960000,11.21380000,11.16220000,11.20160000,6977.63000000,1681991639999,78048.48843400,409,3335.18000000,37312.21749100,0
1681991640000,11.20100000,11.20900000,11.17370000,11.18950000,12428.33000000,1681991699999,139014.10263900,406,2836.55000000,31741.91375700,0
1681991700000,11.18810000,11.19310000,11.18170000,11.19060000,5948.40000000,1681991759999,66544.71495300,237,2089.89000000,23380.87671400,0
1681991760000,11.19150000,11.21990000,11.19140000,11.21460000,3182.97000000,1681991819999,35689.64744700,203,2779.38000000,31165.14967100,0
1681991820000,11.21460000,11.22240000,11.20540000,11.20540000,2131.00000000,1681991879999,23895.97084000,121,1141.00000000,12795.58198500,0
1681991880000,11.20550000,11.21190000,11.20050000,11.20670000,2308.35000000,1681991939999,25872.83533400,71,980.15000000,10985.87000600,0
1681991940000,11.21050000,11.21450000,11.19150000,11.19650000,4053.78000000,1681991999999,45426.34898900,115,1741.10000000,19505.84836200,0
1681992000000,11.19650000,11.20050000,11.17570000,11.18890000,6149.35000000,1681992059999,68788.91878500,218,1805.26000000,20197.06313300,0
1681992060000,11.18540000,11.22250000,11.18540000,11.22250000,3866.38000000,1681992119999,43315.19995600,193,3121.08000000,34971.06712300,0
1681992120000,11.22120000,11.22580000,11.19450000,11.21380000,8333.54000000,1681992179999,93365.90593300,169,2451.98000000,27487.96533400,0
1681992180000,11.21380000,11.22530000,11.21270000,11.22500000,830.73000000,1681992239999,9318.85420000,51,208.25000000,2336.25008500,0
1681992240000,11.22490000,11.25120000,11.22490000,11.24770000,4092.19000000,1681992299999,45983.03461500,153,3360.68000000,37761.14370500,0
1681992300000,11.24680000,11.27080000,11.24270000,11.25530000,2664.49000000,1681992359999,30006.97231300,116,1322.94000000,14898.47811200,0
1681992360000,11.25720000,11.28230000,11.25720000,11.27070000,5851.33000000,1681992419999,65937.27392400,139,3311.33000000,37307.24575100,0
1681992420000,11.27070000,11.27250000,11.23000000,11.24670000,24519.89000000,1681992479999,275724.85764000,324,12565.06000000,141231.06146100,0
1681992480000,11.24540000,11.25000000,11.24320000,11.24340000,2473.49000000,1681992539999,27817.79496800,74,1050.61000000,11817.08589000,0
1681992540000,11.24290000,11.24820000,11.23900000,11.24610000,3610.99000000,1681992599999,40595.56821200,84,2203.49000000,24771.98265700,0
1681992600000,11.24610000,11.25480000,11.24610000,11.25210000,4679.61000000,1681992659999,52644.31258300,130,3589.58000000,40381.41272000,0
1681992660000,11.25450000,11.26000000,11.24820000,11.24970000,1845.36000000,1681992719999,20767.09702200,62,1005.48000000,11316.46229800,0
1681992720000,11.24770000,11.24770000,11.20520000,11.22220000,7055.53000000,1681992779999,79205.82037900,204,2716.24000000,30505.72278300,0
1681992780000,11.22210000,11.24080000,11.21000000,11.23030000,14701.19000000,1681992839999,164891.70486600,180,8889.91000000,99684.78732000,0
1681992840000,11.22860000,11.24500000,11.22860000,11.24330000,2900.41000000,1681992899999,32596.40126200,130,1324.34000000,14882.73978300,0
1681992900000,11.23980000,11.24120000,11.23480000,11.24120000,1901.60000000,1681992959999,21369.58747700,53,817.19000000,9182.94842300,0
1681992960000,11.24330000,11.24330000,11.22570000,11.22890000,2326.33000000,1681993019999,26131.58183700,78,826.63000000,9284.19643200,0
1681993020000,11.23230000,11.23630000,11.17360000,11.17390000,16818.37000000,1681993079999,188515.69430500,447,5063.06000000,56738.47996400,0
1681993080000,11.17800000,11.20120000,11.16560000,11.19750000,20085.74000000,1681993139999,224445.09764300,479,12465.62000000,139270.19252600,0
1681993140000,11.19810000,11.25800000,11.19810000,11.25460000,4292.45000000,1681993199999,48222.77343700,164,3095.75000000,34773.51358300,0
1681993200000,11.24980000,11.28540000,11.24980000,11.26490000,4758.87000000,1681993259999,53633.07685200,169,1852.46000000,20875.75092400,0
1681993260000,11.26210000,11.28800000,11.25610000,11.27940000,6502.07000000,1681993319999,73283.48395300,119,3268.62000000,36835.34581900,0
1681993320000,11.28630000,11.29210000,11.27330000,11.28300000,4908.13000000,1681993379999,55374.88320200,113,3162.89000000,35683.69563900,0
1681993380000,11.28320000,11.29630000,11.28050000,11.28550000,5306.69000000,1681993439999,59919.19616000,113,4507.31000000,50895.48010200,0
1681993440000,11.28690000,11.32140000,11.28690000,11.30470000,5151.10000000,1681993499999,58252.60839900,154,2178.57000000,24618.17655800,0
1681993500000,11.30460000,11.35890000,11.29530000,11.35350000,25662.25000000,1681993559999,290905.50704500,375,21131.95000000,239522.25960800,0
1681993560000,11.34940000,11.35290000,11.32450000,11.32840000,6425.40000000,1681993619999,72832.88683100,226,2337.43000000,26493.28305300,0
1681993620000,11.33220000,11.33490000,11.32010000,11.33080000,2469.64000000,1681993679999,27971.13015100,111,1510.43000000,17107.71918700,0
1681993680000,11.32730000,11.33970000,11.31200000,11.33140000,15479.40000000,1681993739999,175272.26006300,268,3051.35000000,34573.91522200,0
1681993740000,11.32980000,11.34710000,11.32940000,11.34240000,4559.70000000,1681993799999,51700.04621200,176,2730.79000000,30961.51032700,0
1681993800000,11.34320000,11.39730000,11.34270000,11.37230000,13354.56000000,1681993859999,151833.22918500,477,9713.82000000,110426.52748800,0
1681993860000,11.37210000,11.38700000,11.37050000,11.37810000,3955.69000000,1681993919999,45013.39534500,121,2256.99000000,25684.78105900,0
1681993920000,11.37470000,11.37720000,11.35590000,11.37720000,22372.63000000,1681993979999,254175.77598700,449,16061.44000000,182465.13658400,0
1681993980000,11.37690000,11.38120000,11.35150000,11.36500000,7905.17000000,1681994039999,89824.10799600,211,2005.24000000,22796.97075800,0
1681994040000,11.36260000,11.36260000,11.30000000,11.31280000,93600.76000000,1681994099999,1059704.50122000,1157,45745.67000000,517814.40292600,0
1681994100000,11.31320000,11.31820000,11.29850000,11.30910000,12506.10000000,1681994159999,141446.89385200,459,6666.34000000,75408.52527400,0
1681994160000,11.30910000,11.36970000,11.30910000,11.35190000,14111.80000000,1681994219999,160146.25844900,369,10464.85000000,118732.40565300,0
1681994220000,11.35480000,11.35970000,11.34030000,11.35970000,5428.43000000,1681994279999,61609.50392100,100,3671.97000000,41679.97178300,0
1681994280000,11.35950000,11.37960000,11.34930000,11.37960000,6293.84000000,1681994339999,71514.50640800,184,5089.12000000,57835.30853000,0
1681994340000,11.37570000,11.37570000,11.35030000,11.36030000,2828.88000000,1681994399999,32138.68400300,99,1583.62000000,17991.72303300,0
1681994400000,11.36050000,11.36470000,11.33510000,11.33730000,3896.00000000,1681994459999,44212.47965600,148,2211.67000000,25097.10493800,0
1681994460000,11.33960000,11.39940000,11.33960000,11.39100000,15191.97000000,1681994519999,172638.62958200,407,10493.07000000,119204.46765000,0
1681994520000,11.39010000,11.40000000,11.38790000,11.39950000,3693.19000000,1681994579999,42086.06923700,123,1625.69000000,18526.05229400,0
1681994580000,11.39900000,11.41280000,11.38400000,11.38680000,3705.98000000,1681994639999,42253.41731100,179,2690.87000000,30678.35715700,0
1681994640000,11.38500000,11.38530000,11.36010000,11.36230000,1578.95000000,1681994699999,17956.08822400,81,364.49000000,4143.76211900,0
1681994700000,11.36220000,11.38420000,11.36220000,11.37870000,2271.02000000,1681994759999,25827.93186400,100,1938.76000000,22048.33043900,0
1681994760000,11.37310000,11.39760000,11.36590000,11.38640000,5036.76000000,1681994819999,57335.64041400,121,3421.07000000,38940.52489400,0
1681994820000,11.38680000,11.39010000,11.37480000,11.39010000,1412.72000000,1681994879999,16080.47894800,78,827.75000000,9423.83921500,0
1681994880000,11.38840000,11.39100000,11.38440000,11.38530000,417.63000000,1681994939999,4756.00603100,24,304.63000000,3469.36422600,0
1681994940000,11.38410000,11.39130000,11.38410000,11.38580000,784.54000000,1681994999999,8935.08551000,30,424.49000000,4834.07707500,0
1681995000000,11.38740000,11.41360000,11.38400000,11.40490000,3315.93000000,1681995059999,37792.30726900,130,1700.48000000,19376.82303600,0
1681995060000,11.40320000,11.41040000,11.39670000,11.39970000,1532.54000000,1681995119999,17475.37960000,62,1140.25000000,13002.52673400,0
1681995120000,11.40210000,11.41410000,11.40200000,11.40760000,894.55000000,1681995179999,10203.66253000,50,866.64000000,9885.29816400,0
1681995180000,11.40770000,11.41510000,11.40420000,11.41510000,222.86000000,1681995239999,2542.56176000,31,76.60000000,873.99689400,0
1681995240000,11.41410000,11.41880000,11.40100000,11.40500000,1386.40000000,1681995299999,15819.83886900,60,649.93000000,7416.10447700,0
1681995300000,11.40270000,11.40440000,11.39600000,11.39990000,965.78000000,1681995359999,11009.46684200,39,472.52000000,5386.53461600,0
1681995360000,11.39690000,11.39690000,11.38770000,11.39150000,1615.95000000,1681995419999,18409.92666700,52,493.03000000,5618.62564000,0
1681995420000,11.38860000,11.40160000,11.38860000,11.39500000,2808.21000000,1681995479999,31998.63109900,66,1984.57000000,22616.36100300,0
1681995480000,11.38990000,11.39640000,11.38860000,11.39640000,1886.91000000,1681995539999,21496.60533800,43,1189.29000000,13551.49268100,0
1681995540000,11.39220000,11.39220000,11.38080000,11.38300000,2268.13000000,1681995599999,25827.60788000,53,214.37000000,2441.09816100,0
1681995600000,11.38660000,11.39310000,11.37940000,11.37960000,1128.56000000,1681995659999,12850.79166200,54,500.86000000,5704.62534900,0
1681995660000,11.37950000,11.38630000,11.36570000,11.38200000,4844.82000000,1681995719999,55123.85468800,134,3422.90000000,38942.74676900,0
1681995720000,11.38100000,11.38100000,11.36560000,11.36570000,1495.07000000,1681995779999,17003.57287600,54,226.38000000,2573.59146800,0
1681995780000,11.36470000,11.36470000,11.35020000,11.35480000,2573.78000000,1681995839999,29228.73098000,104,912.41000000,10362.83670800,0
1681995840000,11.35620000,11.35940000,11.34920000,11.35900000,1257.60000000,1681995899999,14281.28563600,52,467.68000000,5311.82321000,0
1681995900000,11.35840000,11.36870000,11.35540000,11.36870000,2087.57000000,1681995959999,23716.10055600,59,1712.73000000,19458.39428300,0
1681995960000,11.36620000,11.36750000,11.36250000,11.36340000,874.42000000,1681996019999,9937.66487400,46,459.24000000,5219.89457800,0
1681996020000,11.36130000,11.37770000,11.35120000,11.37690000,2312.38000000,1681996079999,26285.67437200,99,1594.50000000,18128.31570900,0
1681996080000,11.37920000,11.38340000,11.36660000,11.37170000,768.68000000,1681996139999,8744.60893300,43,357.78000000,4070.31087100,0
1681996140000,11.37170000,11.37220000,11.36680000,11.36980000,556.07000000,1681996199999,6322.71284900,40,477.54000000,5429.75528400,0
1681996200000,11.36810000,11.37990000,11.35940000,11.37810000,1018.98000000,1681996259999,11586.57051800,46,546.31000000,6213.02119000,0
1681996260000,11.37810000,11.37940000,11.37500000,11.37600000,513.72000000,1681996319999,5845.31694400,22,106.19000000,1208.27899300,0
1681996320000,11.37560000,11.38010000,11.37560000,11.38010000,647.09000000,1681996379999,7362.63657200,32,423.11000000,4814.31548400,0
1681996380000,11.37930000,11.37980000,11.36990000,11.37610000,747.34000000,1681996439999,8501.64452200,23,460.84000000,5243.25426000,0
1681996440000,11.37590000,11.38890000,11.37120000,11.38890000,1326.72000000,1681996499999,15094.82921400,57,1182.85000000,13457.75934900,0
1681996500000,11.38990000,11.38990000,11.36730000,11.38600000,1373.45000000,1681996559999,15631.47239000,59,364.07000000,4144.12893600,0
1681996560000,11.38610000,11.39290000,11.36600000,11.36890000,2954.20000000,1681996619999,33629.79938500,78,1519.22000000,17297.68137300,0
1681996620000,11.36580000,11.36630000,11.35330000,11.35330000,997.39000000,1681996679999,11328.47610500,55,374.56000000,4256.13661700,0
1681996680000,11.35770000,11.36290000,11.35450000,11.35540000,932.29000000,1681996739999,10589.69028700,50,716.65000000,8140.60862100,0
1681996740000,11.35810000,11.36820000,11.35350000,11.36480000,896.57000000,1681996799999,10186.19414400,50,459.12000000,5216.73524500,0
1681996800000,11.36290000,11.36930000,11.35000000,11.35580000,4180.58000000,1681996859999,47466.56872000,90,3023.55000000,34328.87508800,0
1681996860000,11.35350000,11.35620000,11.32520000,11.33920000,9064.88000000,1681996919999,102806.27936700,297,2339.30000000,26528.45689500,0
1681996920000,11.34000000,11.34580000,11.33100000,11.34570000,2419.44000000,1681996979999,27434.15957100,106,2140.40000000,24270.70532200,0
1681996980000,11.34570000,11.36350000,11.33810000,11.35990000,1863.16000000,1681997039999,21153.17177600,71,1683.33000000,19112.00134000,0
1681997040000,11.35840000,11.36810000,11.35840000,11.36320000,1959.43000000,1681997099999,22261.63059200,49,1758.97000000,19984.13461200,0
1681997100000,11.35630000,11.35930000,11.34540000,11.35770000,2080.76000000,1681997159999,23618.10699600,82,1022.23000000,11603.32305500,0
1681997160000,11.35270000,11.35800000,11.34880000,11.35370000,117.39000000,1681997219999,1332.83846900,12,61.50000000,698.36524600,0
1681997220000,11.35750000,11.36040000,11.35000000,11.35670000,3367.57000000,1681997279999,38227.77259700,81,2366.95000000,26869.18924200,0
1681997280000,11.35500000,11.35500000,11.31540000,11.33530000,8332.01000000,1681997339999,94455.37038400,270,4750.36000000,53850.94593700,0
1681997340000,11.33540000,11.34490000,11.32750000,11.33470000,1359.04000000,1681997399999,15403.78726300,85,787.71000000,8929.99693100,0
1681997400000,11.33360000,11.33360000,11.32190000,11.32320000,617.93000000,1681997459999,6998.99004700,53,225.39000000,2553.57776200,0
1681997460000,11.32190000,11.32950000,11.31260000,11.32950000,1939.35000000,1681997519999,21958.78915200,75,1238.14000000,14020.86480300,0
1681997520000,11.32830000,11.35660000,11.32830000,11.34490000,5824.94000000,1681997579999,66046.59886000,124,3066.37000000,34758.58773500,0
1681997580000,11.34520000,11.39030000,11.34450000,11.36250000,5863.92000000,1681997639999,66658.31441500,210,3870.53000000,43985.20732200,0
1681997640000,11.35860000,11.36020000,11.33920000,11.35460000,5428.50000000,1681997699999,61610.23003100,135,2199.73000000,24968.10796700,0
1681997700000,11.35210000,11.37630000,11.35080000,11.37330000,1016.12000000,1681997759999,11544.47612600,64,795.23000000,9034.30709200,0
1681997760000,11.36770000,11.36790000,11.33370000,11.33550000,2372.59000000,1681997819999,26917.99605300,88,869.21000000,9867.01898400,0
1681997820000,11.33500000,11.34110000,11.31690000,11.31690000,3591.08000000,1681997879999,40679.37320900,102,1697.41000000,19233.65941400,0
1681997880000,11.31860000,11.33290000,11.31440000,11.33270000,1356.78000000,1681997939999,15364.36476000,69,704.68000000,7980.78993400,0
1681997940000,11.33290000,11.33290000,11.32200000,11.32450000,666.79000000,1681997999999,7553.41541600,32,418.74000000,4744.47912400,0
1681998000000,11.32330000,11.36050000,11.32330000,11.34170000,4043.90000000,1681998059999,45883.36913200,116,3239.73000000,36761.42476300,0
1681998060000,11.33970000,11.35630000,11.33790000,11.34740000,2731.25000000,1681998119999,30993.67581300,73,1650.12000000,18726.11330400,0
1681998120000,11.34390000,11.34980000,11.33370000,11.33400000,1792.14000000,1681998179999,20328.09525000,51,971.28000000,11019.93294600,0
1681998180000,11.33250000,11.33250000,11.32270000,11.32410000,415.35000000,1681998239999,4704.92577900,31,116.37000000,1318.37138200,0
1681998240000,11.32250000,11.32250000,11.29180000,11.30590000,4880.35000000,1681998299999,55158.62128900,180,1552.20000000,17543.26779100,0
1681998300000,11.30190000,11.30890000,11.29170000,11.29300000,1773.73000000,1681998359999,20038.57385800,62,941.38000000,10635.82421100,0
1681998360000,11.29540000,11.30540000,11.29150000,11.29710000,1680.77000000,1681998419999,18988.96925000,46,562.21000000,6352.51978200,0
1681998420000,11.29180000,11.30530000,11.28860000,11.29810000,4215.88000000,1681998479999,47612.08224000,98,1273.39000000,14384.36241600,0
1681998480000,11.29490000,11.30660000,11.29490000,11.30660000,1036.56000000,1681998539999,11713.62499700,44,608.34000000,6874.93621400,0
1681998540000,11.30360000,11.32230000,11.30360000,11.30840000,4275.89000000,1681998599999,48377.97486800,116,2426.08000000,27443.05205300,0
1681998600000,11.30720000,11.32040000,11.30700000,11.31710000,2683.55000000,1681998659999,30360.80957100,66,1966.88000000,22252.58479000,0
1681998660000,11.31570000,11.32000000,11.31460000,11.32000000,522.20000000,1681998719999,5909.51038800,18,402.22000000,4551.87193400,0
1681998720000,11.31600000,11.33450000,11.31600000,11.32940000,768.29000000,1681998779999,8698.63330400,34,690.56000000,7818.79728000,0
1681998780000,11.33120000,11.35180000,11.32940000,11.35180000,2897.04000000,1681998839999,32848.87794200,87,1794.94000000,20355.19176400,0
1681998840000,11.35270000,11.38200000,11.35270000,11.37800000,1509.54000000,1681998899999,17162.58237100,114,826.73000000,9399.03259500,0
1681998900000,11.38050000,11.38200000,11.35720000,11.37050000,821.48000000,1681998959999,9343.26900100,61,723.24000000,8226.39314900,0
1681998960000,11.37080000,11.37080000,11.35690000,11.36390000,549.47000000,1681999019999,6243.19064000,17,179.90000000,2044.24959200,0
1681999020000,11.36240000,11.36240000,11.34760000,11.34900000,3649.82000000,1681999079999,41442.97295200,94,1147.95000000,13031.87044200,0
1681999080000,11.34780000,11.36900000,11.34400000,11.36190000,7760.35000000,1681999139999,88148.83356000,138,4010.71000000,45552.50413300,0
1681999140000,11.36000000,11.36000000,11.34670000,11.35390000,5512.29000000,1681999199999,62596.31342900,69,2564.89000000,29115.31513600,0
1681999200000,11.35570000,11.43510000,11.35570000,11.40840000,48343.61000000,1681999259999,550998.75894800,580,35238.05000000,401506.71409900,0
1681999260000,11.40840000,11.41600000,11.37150000,11.40140000,40585.24000000,1681999319999,462714.92369500,486,23760.31000000,270811.76635600,0
1681999320000,11.40600000,11.42670000,11.40000000,11.41330000,21370.04000000,1681999379999,243927.13254600,397,15360.12000000,175358.92017500,0
1681999380000,11.41480000,11.41540000,11.39380000,11.40040000,12177.72000000,1681999439999,138839.93322800,222,1883.02000000,21470.63307400,0
1681999440000,11.40000000,11.40250000,11.39000000,11.39130000,22323.28000000,1681999499999,254455.61351300,358,2778.29000000,31659.89610800,0
1681999500000,11.39110000,11.39580000,11.38110000,11.39290000,11531.23000000,1681999559999,131337.04563700,243,2476.10000000,28199.34272400,0
1681999560000,11.39060000,11.39060000,11.38000000,11.38000000,3139.49000000,1681999619999,35733.84031200,97,1038.99000000,11826.94607000,0
1681999620000,11.38000000,11.39470000,11.38000000,11.39160000,7304.57000000,1681999679999,83142.17667400,162,3070.09000000,34951.97106600,0
1681999680000,11.39230000,11.45330000,11.39230000,11.44950000,54483.24000000,1681999739999,622761.25342500,568,36653.29000000,418845.37921800,0
1681999740000,11.44550000,11.45370000,11.42420000,11.42440000,8012.28000000,1681999799999,91621.41908700,257,3570.45000000,40836.56294700,0
1681999800000,11.42450000,11.42910000,11.39940000,11.41240000,12462.65000000,1681999859999,142268.83274700,269,3529.86000000,40284.26674800,0
1681999860000,11.41240000,11.42350000,11.41000000,11.42150000,6458.98000000,1681999919999,73708.14819200,139,3347.94000000,38210.08041400,0
1681999920000,11.42360000,11.43520000,11.41610000,11.43100000,4154.72000000,1681999979999,47474.73099800,104,3356.90000000,38358.66066000,0
1681999980000,11.43130000,11.48580000,11.43130000,11.46300000,48194.49000000,1682000039999,552487.12496000,781,32730.55000000,375099.64345400,0
1682000040000,11.46500000,11.46530000,11.44430000,11.45160000,6593.98000000,1682000099999,75527.81695000,199,2130.49000000,24399.46171600,0
1682000100000,11.44530000,11.44800000,11.44000000,11.44080000,6185.98000000,1682000159999,70776.45582900,96,1229.18000000,14065.58624200,0
1682000160000,11.44090000,11.44630000,11.44000000,11.44550000,5972.15000000,1682000219999,68324.89378800,116,1827.77000000,20912.47666700,0
1682000220000,11.44070000,11.44180000,11.44000000,11.44160000,3310.90000000,1682000279999,37878.79377500,63,1590.43000000,18195.71039600,0
1682000280000,11.44030000,11.44280000,11.42310000,11.43000000,16266.37000000,1682000339999,186036.69479000,316,1435.18000000,16406.58000100,0
1682000340000,11.43000000,11.43390000,11.43000000,11.43000000,6831.58000000,1682000399999,78088.51651300,140,2235.82000000,25558.06892400,0
1682000400000,11.43090000,11.43500000,11.42280000,11.42550000,5546.86000000,1682000459999,63395.47853200,138,1259.49000000,14396.96229100,0
1682000460000,11.42550000,11.43550000,11.40100000,11.43550000,22407.62000000,1682000519999,255890.34515400,451,6531.70000000,74605.65408900,0
1682000520000,11.43530000,11.43600000,11.43000000,11.43000000,14745.76000000,1682000579999,168554.78848300,318,2986.30000000,34141.86806700,0
1682000580000,11.43070000,11.43900000,11.42140000,11.43610000,29067.66000000,1682000639999,332249.54723700,554,6896.39000000,78830.80597300,0
1682000640000,11.43390000,11.43890000,11.43000000,11.43710000,9214.53000000,1682000699999,105335.12693300,202,3476.00000000,39741.15163300,0
1682000700000,11.43710000,11.43710000,11.42200000,11.43210000,13695.48000000,1682000759999,156534.78291900,279,1406.99000000,16078.87165800,0
1682000760000,11.43020000,11.44100000,11.43010000,11.44000000,8920.38000000,1682000819999,102045.73267900,212,1284.81000000,14695.40544300,0
1682000820000,11.44000000,11.44000000,11.42000000,11.42000000,7244.29000000,1682000879999,82776.16909900,284,2505.13000000,28614.81268600,0
1682000880000,11.42000000,11.42580000,11.42000000,11.42290000,4817.66000000,1682000939999,55027.72764500,143,2595.38000000,29645.13141900,0
1682000940000,11.42300000,11.42600000,11.42000000,11.42250000,26205.45000000,1682000999999,299273.55344700,247,1896.28000000,21659.02525200,0
1682001000000,11.42120000,11.42120000,11.40080000,11.40410000,9680.84000000,1682001059999,110538.28829300,212,270.70000000,3087.19549700,0
1682001060000,11.40320000,11.40480000,11.38660000,11.39350000,3144.84000000,1682001119999,35841.56270500,98,739.97000000,8434.91104500,0
1682001120000,11.38720000,11.39180000,11.37130000,11.38820000,3737.88000000,1682001179999,42540.62764000,125,1888.92000000,21503.54759600,0
1682001180000,11.38820000,11.41160000,11.37950000,11.40920000,2069.06000000,1682001239999,23578.62968700,57,1761.63000000,20077.59538500,0
1682001240000,11.40390000,11.41060000,11.40110000,11.40610000,482.29000000,1682001299999,5500.82226400,30,237.80000000,2712.65836100,0
1682001300000,11.40430000,11.41190000,11.40430000,11.41050000,2074.59000000,1682001359999,23662.98852700,35,1029.11000000,11738.23396200,0
1682001360000,11.41040000,11.41040000,11.40120000,11.40270000,379.63000000,1682001419999,4329.21118400,21,44.98000000,512.87868200,0
1682001420000,11.40020000,11.40260000,11.37100000,11.37320000,741.42000000,1682001479999,8440.60244800,64,250.66000000,2853.45943000,0
1682001480000,11.37130000,11.37130000,11.36000000,11.36390000,1768.64000000,1682001539999,20100.73375200,67,595.95000000,6772.68366300,0
1682001540000,11.36270000,11.36740000,11.35880000,11.36320000,3431.11000000,1682001599999,38987.93163700,82,2344.54000000,26640.60199000,0
1682001600000,11.36610000,11.37090000,11.35850000,11.36300000,3071.07000000,1682001659999,34900.06387700,93,1979.59000000,22495.34796000,0
1682001660000,11.36590000,11.37360000,11.36590000,11.37360000,1915.53000000,1682001719999,21777.12380700,47,1023.95000000,11641.68091600,0
1682001720000,11.37540000,11.37960000,11.36850000,11.37080000,915.13000000,1682001779999,10409.50166300,42,204.76000000,2329.06247000,0
1682001780000,11.37070000,11.37710000,11.37060000,11.37480000,211.48000000,1682001839999,2405.62628900,13,118.29000000,1345.40795200,0
1682001840000,11.37490000,11.37750000,11.37300000,11.37300000,100.81000000,1682001899999,1146.75574200,9,97.47000000,1108.76776200,0
1682001900000,11.37300000,11.38480000,11.36980000,11.38020000,866.87000000,1682001959999,9863.39524900,63,329.59000000,3749.20240200,0
1682001960000,11.37610000,11.39470000,11.37610000,11.38070000,3651.47000000,1682002019999,41583.22173900,98,1118.19000000,12733.12364300,0
1682002020000,11.38020000,11.38020000,11.36570000,11.37680000,2121.11000000,1682002079999,24120.89274300,66,1360.88000000,15476.99298300,0
1682002080000,11.37790000,11.38400000,11.37410000,11.37820000,1930.53000000,1682002139999,21965.22380600,46,277.47000000,3157.49673900,0
1682002140000,11.38030000,11.38840000,11.37570000,11.38350000,3949.18000000,1682002199999,44963.84384500,62,3898.56000000,44387.74644900,0
1682002200000,11.38540000,11.39050000,11.38210000,11.39050000,373.88000000,1682002259999,4256.10122500,27,85.39000000,972.26629400,0
1682002260000,11.39010000,11.39430000,11.37820000,11.39430000,2780.73000000,1682002319999,31664.35815200,74,772.71000000,8798.42335000,0
1682002320000,11.39340000,11.41740000,11.39340000,11.41630000,3396.26000000,1682002379999,38752.81834300,114,1913.35000000,21830.50177300,0
1682002380000,11.41660000,11.41880000,11.40050000,11.40300000,2710.42000000,1682002439999,30932.52600500,79,429.08000000,4895.18536700,0
1682002440000,11.40300000,11.41600000,11.40300000,11.40700000,2267.64000000,1682002499999,25875.47939300,45,1123.16000000,12811.99150000,0
1682002500000,11.40860000,11.41360000,11.39110000,11.39190000,3209.30000000,1682002559999,36603.32628800,107,452.58000000,5161.87744800,0
1682002560000,11.39400000,11.39450000,11.38210000,11.39150000,2378.54000000,1682002619999,27093.14887800,77,851.39000000,9698.25973700,0
1682002620000,11.39140000,11.39490000,11.36900000,11.36900000,2041.90000000,1682002679999,23253.77990700,94,318.65000000,3626.57900400,0
1682002680000,11.37000000,11.37150000,11.36000000,11.36170000,2225.89000000,1682002739999,25299.24810600,68,461.29000000,5241.95367200,0
1682002740000,11.36000000,11.38010000,11.35330000,11.37930000,447.17000000,1682002799999,5082.18366700,44,277.96000000,3158.85741800,0
1682002800000,11.37930000,11.38270000,11.36200000,11.36350000,882.43000000,1682002859999,10036.13856700,48,169.60000000,1928.41947500,0
1682002860000,11.36290000,11.36290000,11.34110000,11.35480000,842.58000000,1682002919999,9562.63269000,75,576.40000000,6541.97858500,0
1682002920000,11.35230000,11.36540000,11.34900000,11.35310000,548.02000000,1682002979999,6224.10819500,30,269.07000000,3056.02740200,0
1682002980000,11.35260000,11.36550000,11.34620000,11.36550000,1563.40000000,1682003039999,17749.22586900,53,1074.76000000,12202.17727900,0
1682003040000,11.36360000,11.37080000,11.35640000,11.35640000,1068.99000000,1682003099999,12145.89534800,46,343.51000000,3903.13606200,0
1682003100000,11.35870000,11.36750000,11.35640000,11.36170000,804.50000000,1682003159999,9140.36985800,33,467.71000000,5313.71407000,0
1682003160000,11.35950000,11.36420000,11.34900000,11.34900000,858.31000000,1682003219999,9748.54842700,37,407.02000000,4623.43963400,0
1682003220000,11.34730000,11.35280000,11.33890000,11.35280000,2245.81000000,1682003279999,25477.88454800,77,1686.09000000,19129.14992400,0
1682003280000,11.34770000,11.36830000,11.34490000,11.36050000,2824.95000000,1682003339999,32079.27754600,72,1684.24000000,19122.23252600,0
1682003340000,11.35970000,11.36500000,11.35380000,11.35790000,2331.75000000,1682003399999,26486.96556200,36,698.96000000,7939.40755700,0
1682003400000,11.36500000,11.36690000,11.35700000,11.35760000,2714.73000000,1682003459999,30843.84378300,58,698.46000000,7935.88552200,0
1682003460000,11.36020000,11.36020000,11.35150000,11.35150000,316.64000000,1682003519999,3595.72472000,22,260.99000000,2963.82005500,0
1682003520000,11.35220000,11.36020000,11.34930000,11.36020000,1458.32000000,1682003579999,16561.45092100,47,1285.82000000,14602.88170800,0
1682003580000,11.36090000,11.36250000,11.35700000,11.36200000,379.61000000,1682003639999,4312.22922400,20,273.60000000,3108.04217700,0
1682003640000,11.36290000,11.36820000,11.35890000,11.35890000,809.40000000,1682003699999,9199.20380800,38,318.58000000,3621.01619000,0
1682003700000,11.35890000,11.35890000,11.33270000,11.33850000,5952.77000000,1682003759999,67569.92481700,151,1032.40000000,11705.02386600,0
1682003760000,11.33410000,11.33680000,11.31740000,11.33550000,2281.42000000,1682003819999,25843.86212900,106,1269.74000000,14382.41344800,0
1682003820000,11.33770000,11.34070000,11.32250000,11.32530000,843.83000000,1682003879999,9562.75222300,44,227.05000000,2573.58919500,0
1682003880000,11.32550000,11.33240000,11.32330000,11.33050000,937.82000000,1682003939999,10623.04157500,28,393.52000000,4457.76800900,0
1682003940000,11.33050000,11.33050000,11.31690000,11.31690000,488.62000000,1682003999999,5532.75703100,34,150.08000000,1699.54108200,0
1682004000000,11.32000000,11.32000000,11.30530000,11.30530000,2840.86000000,1682004059999,32139.76109400,105,1290.12000000,14594.39148400,0
1682004060000,11.30540000,11.30740000,11.29420000,11.30740000,1432.67000000,1682004119999,16191.93176200,93,759.98000000,8589.25960900,0
1682004120000,11.30530000,11.31780000,11.30530000,11.31250000,688.86000000,1682004179999,7791.24802700,35,210.53000000,2381.91069200,0
1682004180000,11.31520000,11.32830000,11.31520000,11.32400000,987.61000000,1682004239999,11180.39342200,37,888.13000000,10054.05432200,0
1682004240000,11.32620000,11.33940000,11.32620000,11.32650000,1043.59000000,1682004299999,11825.54174000,44,833.94000000,9450.49883100,0
1682004300000,11.32830000,11.32830000,11.30680000,11.31020000,1616.18000000,1682004359999,18291.86802700,55,96.35000000,1089.85095400,0
1682004360000,11.30910000,11.30910000,11.28500000,11.29930000,12069.56000000,1682004419999,136261.66404400,135,872.87000000,9855.04974200,0
1682004420000,11.29930000,11.30560000,11.29280000,11.29560000,2306.77000000,1682004479999,26063.58338800,39,774.62000000,8752.91376000,0
1682004480000,11.30260000,11.31340000,11.30260000,11.30670000,1105.42000000,1682004539999,12500.02111000,41,525.47000000,5941.72353200,0
1682004540000,11.30920000,11.31250000,11.30570000,11.30580000,1421.27000000,1682004599999,16076.14373900,29,161.61000000,1827.13028000,0
1682004600000,11.30620000,11.31180000,11.30400000,11.30760000,539.67000000,1682004659999,6102.23296300,21,227.42000000,2571.81332900,0
1682004660000,11.31160000,11.31160000,11.27040000,11.28000000,3727.46000000,1682004719999,42062.27477400,135,703.09000000,7937.55699700,0
1682004720000,11.28000000,11.28320000,11.27010000,11.28030000,923.76000000,1682004779999,10419.27908300,35,778.94000000,8785.91727100,0
1682004780000,11.27780000,11.27780000,11.25030000,11.27500000,2129.71000000,1682004839999,23989.02107500,124,1112.67000000,12532.19079400,0
1682004840000,11.27500000,11.27890000,11.26170000,11.26910000,1806.68000000,1682004899999,20368.48106900,75,464.12000000,5232.92937500,0
1682004900000,11.26960000,11.27930000,11.26170000,11.27730000,2564.92000000,1682004959999,28901.49024200,77,516.68000000,5824.54498200,0
1682004960000,11.27910000,11.28970000,11.27540000,11.27950000,3048.27000000,1682005019999,34392.31822600,90,1485.81000000,16763.50703200,0
1682005020000,11.27950000,11.27980000,11.24890000,11.25150000,4045.91000000,1682005079999,45577.65721900,129,1081.80000000,12189.11109900,0
1682005080000,11.24940000,11.26810000,11.23890000,11.26070000,5768.37000000,1682005139999,64898.40873300,171,2956.82000000,33260.48067600,0
1682005140000,11.26000000,11.26090000,11.24310000,11.25030000,3478.34000000,1682005199999,39131.05527900,77,735.12000000,8269.43331100,0
1682005200000,11.24430000,11.24430000,11.22910000,11.23560000,5015.24000000,1682005259999,56354.66478200,148,2093.21000000,23517.26429900,0
1682005260000,11.23570000,11.24430000,11.23570000,11.24070000,1216.46000000,1682005319999,13672.47143800,43,336.23000000,3778.61630600,0
1682005320000,11.23920000,11.23920000,11.18680000,11.19200000,3790.86000000,1682005379999,42480.15529100,227,735.85000000,8245.67747500,0
1682005380000,11.19330000,11.21270000,11.14000000,11.17250000,23067.33000000,1682005439999,257477.45338900,529,5460.69000000,60969.35414100,0
1682005440000,11.16400000,11.19230000,11.13000000,11.19230000,12718.63000000,1682005499999,141822.80091800,329,5298.92000000,59121.21060600,0
1682005500000,11.19340000,11.19680000,11.17940000,11.18770000,1881.93000000,1682005559999,21056.28851200,62,571.54000000,6396.08783100,0
1682005560000,11.18410000,11.18860000,11.15880000,11.18620000,7540.33000000,1682005619999,84253.48042100,170,3804.88000000,42513.52571100,0
1682005620000,11.18760000,11.22550000,11.18260000,11.22080000,4691.61000000,1682005679999,52575.27562600,128,3979.81000000,44606.78671600,0
1682005680000,11.21890000,11.22520000,11.21320000,11.22300000,2833.07000000,1682005739999,31776.50042700,75,1030.57000000,11559.11951000,0
1682005740000,11.21650000,11.21650000,11.20850000,11.21210000,1535.67000000,1682005799999,17216.53787300,40,962.36000000,10789.10137900,0
1682005800000,11.21480000,11.21480000,11.20000000,11.20120000,1557.43000000,1682005859999,17456.09777000,53,297.85000000,3338.26023900,0
1682005860000,11.20280000,11.26240000,11.20280000,11.26160000,5856.36000000,1682005919999,65770.59019100,186,5359.56000000,60190.24799800,0
1682005920000,11.26290000,11.28540000,11.25070000,11.25750000,5156.93000000,1682005979999,58138.56086500,158,2146.95000000,24203.22616400,0
1682005980000,11.25220000,11.25220000,11.23560000,11.24730000,3745.73000000,1682006039999,42120.18042300,75,2971.99000000,33420.30564900,0
1682006040000,11.24730000,11.24820000,11.23070000,11.23200000,2006.06000000,1682006099999,22542.52235500,86,1359.52000000,15278.95968700,0
1682006100000,11.23070000,11.23330000,11.21610000,11.23130000,2513.74000000,1682006159999,28218.33170700,92,1507.08000000,16918.63993800,0
1682006160000,11.23120000,11.23870000,11.22790000,11.23580000,3327.86000000,1682006219999,37389.84406200,62,2820.49000000,31691.32980800,0
1682006220000,11.23140000,11.23140000,11.20300000,11.21190000,2883.21000000,1682006279999,32344.30548800,100,560.01000000,6278.60510800,0
1682006280000,11.21310000,11.21310000,11.04500000,11.10740000,59603.62000000,1682006339999,662823.11797100,1360,18385.72000000,204494.87383100,0
1682006340000,11.11000000,11.13260000,11.10950000,11.11970000,7703.06000000,1682006399999,85658.33695600,222,4652.79000000,51747.83228200,0
1682006400000,11.11450000,11.11450000,11.06970000,11.11010000,12510.91000000,1682006459999,138775.22164700,310,5342.07000000,59281.86862400,0
1682006460000,11.11010000,11.13070000,10.93000000,11.00360000,79502.13000000,1682006519999,875870.66487800,2024,29310.99000000,322828.61631500,0
1682006520000,11.00130000,11.01820000,10.94150000,11.01730000,32209.73000000,1682006579999,353637.15793100,806,18484.32000000,203060.98659900,0
1682006580000,11.00740000,11.01310000,10.83220000,10.91110000,71145.97000000,1682006639999,775822.25818400,2097,28244.01000000,307814.11198900,0
1682006640000,10.90650000,10.93790000,10.88710000,10.92200000,35727.12000000,1682006699999,390156.44616500,871,17718.17000000,193531.93103600,0
1682006700000,10.92200000,10.95210000,10.89200000,10.93010000,21791.04000000,1682006759999,237926.27902900,656,9939.83000000,108568.93804500,0
1682006760000,10.92800000,10.95330000,10.90970000,10.94180000,9882.46000000,1682006819999,108045.67592400,339,4545.59000000,49698.15671000,0
1682006820000,10.94360000,10.94820000,10.92680000,10.93550000,6491.48000000,1682006879999,71010.45325500,255,2879.58000000,31509.72416400,0
1682006880000,10.93710000,10.98500000,10.93710000,10.96540000,11175.87000000,1682006939999,122559.28113100,375,5390.08000000,59092.67631500,0
1682006940000,10.96970000,10.97600000,10.95000000,10.96730000,11181.06000000,1682006999999,122601.18937800,304,4558.48000000,50007.34278400,0
1682007000000,10.96880000,10.98060000,10.94530000,10.94890000,4562.50000000,1682007059999,50002.08572500,233,1295.19000000,14193.80599000,0
1682007060000,10.94610000,10.95030000,10.93320000,10.93530000,3939.17000000,1682007119999,43106.02441500,170,1049.40000000,11485.26596300,0
1682007120000,10.93530000,10.96190000,10.93390000,10.95640000,8841.73000000,1682007179999,96786.24147000,193,6081.18000000,66572.68733100,0
1682007180000,10.95520000,10.98230000,10.95090000,10.98200000,4929.93000000,1682007239999,54044.56386800,154,2794.06000000,30638.79062600,0
1682007240000,10.98270000,11.01130000,10.98270000,11.00180000,10171.62000000,1682007299999,111856.94908500,258,5094.26000000,56030.21712100,0
1682007300000,11.00180000,11.03180000,10.99200000,11.03070000,6658.64000000,1682007359999,73343.42931600,233,3059.79000000,33712.18978100,0
1682007360000,11.02910000,11.07000000,11.02280000,11.06870000,8333.59000000,1682007419999,92049.62788700,288,5841.48000000,64538.93530700,0
1682007420000,11.07130000,11.08260000,11.05380000,11.05800000,7787.72000000,1682007479999,86186.19446300,209,2686.51000000,29738.79599500,0
1682007480000,11.05930000,11.07800000,11.04840000,11.07360000,6790.20000000,1682007539999,75095.25964800,166,3528.87000000,39037.67300700,0
1682007540000,11.07360000,11.10290000,11.07360000,11.08780000,6079.14000000,1682007599999,67387.43589600,189,5108.95000000,56630.75705800,0
1682007600000,11.08890000,11.09900000,11.07410000,11.07480000,4305.92000000,1682007659999,47749.24085900,102,2786.87000000,30907.43561900,0
1682007660000,11.07820000,11.11020000,11.07820000,11.11000000,3576.66000000,1682007719999,39664.62479800,119,1737.49000000,19275.70692500,0
1682007720000,11.10590000,11.12340000,11.10110000,11.11620000,7116.87000000,1682007779999,79107.57472100,233,3732.96000000,41504.90903200,0
1682007780000,11.11940000,11.13060000,11.10800000,11.11540000,6950.13000000,1682007839999,77290.01032300,206,3272.36000000,36393.21607300,0
1682007840000,11.10970000,11.11870000,11.10050000,11.11340000,1640.24000000,1682007899999,18222.40632400,96,742.78000000,8252.33426500,0
1682007900000,11.11560000,11.11770000,11.09360000,11.11600000,6463.04000000,1682007959999,71768.85954400,188,3918.87000000,43523.02529100,0
1682007960000,11.11770000,11.13330000,11.11440000,11.13200000,2539.22000000,1682008019999,28250.23526900,117,585.38000000,6512.03999100,0
1682008020000,11.12540000,11.12540000,11.11440000,11.12510000,3133.92000000,1682008079999,34845.85407600,85,1280.83000000,14240.55886600,0
1682008080000,11.12320000,11.13340000,11.09710000,11.13340000,4517.41000000,1682008139999,50202.24262900,215,2307.02000000,25638.39718600,0
1682008140000,11.13230000,11.13230000,11.08090000,11.08570000,9549.11000000,1682008199999,106077.15708300,293,2511.68000000,27885.14813000,0
1682008200000,11.08910000,11.11760000,11.08080000,11.10580000,5077.41000000,1682008259999,56357.10338700,119,3910.57000000,43404.16230700,0
1682008260000,11.10410000,11.12670000,11.10410000,11.11870000,1970.39000000,1682008319999,21905.76719500,69,1006.10000000,11182.11181500,0
1682008320000,11.11890000,11.12030000,11.08640000,11.09660000,4454.90000000,1682008379999,49442.12735800,153,2249.63000000,24964.50840900,0
1682008380000,11.09740000,11.11070000,11.07750000,11.08120000,5213.05000000,1682008439999,57826.75307200,133,1924.03000000,21348.59609400,0
1682008440000,11.08470000,11.09890000,11.08460000,11.09280000,2508.16000000,1682008499999,27823.53283100,63,1476.62000000,16378.44025800,0
1682008500000,11.09050000,11.09490000,11.06740000,11.08140000,9138.16000000,1682008559999,101226.36583100,222,5407.47000000,59902.55954700,0
1682008560000,11.08040000,11.10660000,11.07580000,11.08230000,3626.14000000,1682008619999,40219.39033900,165,1182.82000000,13122.39187300,0
1682008620000,11.07600000,11.08170000,11.06120000,11.06680000,4828.04000000,1682008679999,53446.21832800,132,2278.91000000,25226.00231100,0
1682008680000,11.06960000,11.08700000,11.06890000,11.08030000,4953.73000000,1682008739999,54875.87248900,140,3211.20000000,35570.98155400,0
1682008740000,11.08250000,11.09700000,11.08250000,11.08410000,2391.30000000,1682008799999,26521.12079300,65,1056.82000000,11718.01280200,0
1682008800000,11.08140000,11.08940000,11.06210000,11.08760000,5621.06000000,1682008859999,62274.20131000,135,4074.32000000,45141.66864700,0
1682008860000,11.09010000,11.09500000,11.08990000,11.09300000,632.89000000,1682008919999,7020.61739300,23,47.61000000,528.02750200,0
1682008920000,11.08740000,11.13100000,11.08010000,11.12790000,4349.76000000,1682008979999,48286.56032600,142,2163.77000000,24022.64920400,0
1682008980000,11.13020000,11.14120000,11.11420000,11.11760000,2594.67000000,1682009039999,28872.28584600,90,621.93000000,6918.54156000,0
1682009040000,11.11880000,11.14200000,11.11730000,11.14150000,5560.83000000,1682009099999,61897.51201700,127,4441.30000000,49437.75734800,0
1682009100000,11.14150000,11.15080000,11.11810000,11.12110000,3618.55000000,1682009159999,40319.51483800,131,1131.16000000,12598.68530500,0
1682009160000,11.11930000,11.11930000,11.09870000,11.09930000,2685.56000000,1682009219999,29831.11018600,71,151.87000000,1687.25124500,0
1682009220000,11.09790000,11.11980000,11.08560000,11.09500000,8560.75000000,1682009279999,95083.84136100,202,4492.29000000,49891.94190500,0
1682009280000,11.09500000,11.11070000,11.08320000,11.10020000,8184.94000000,1682009339999,90819.71329300,159,4845.24000000,53760.51504900,0
1682009340000,11.09630000,11.09630000,11.06970000,11.07710000,2444.19000000,1682009399999,27082.61889600,94,948.96000000,10510.36847300,0
1682009400000,11.07120000,11.10090000,11.07080000,11.09240000,4590.92000000,1682009459999,50895.92303100,95,2471.70000000,27386.87000400,0
1682009460000,11.09300000,11.09620000,11.08190000,11.08350000,3020.62000000,1682009519999,33494.92622600,58,856.73000000,9499.17530000,0
1682009520000,11.08260000,11.08260000,11.06130000,11.06350000,3376.04000000,1682009579999,37374.76824400,131,1297.38000000,14362.63887700,0
1682009580000,11.06320000,11.06400000,11.03390000,11.05600000,11724.20000000,1682009639999,129531.18180300,375,6157.85000000,68021.24428200,0
1682009640000,11.05830000,11.05830000,11.03300000,11.04800000,4954.43000000,1682009699999,54728.54521700,186,2306.37000000,25473.65919700,0
1682009700000,11.05170000,11.05540000,10.98550000,11.03250000,14877.36000000,1682009759999,163901.90589200,485,6700.58000000,73801.46201500,0
1682009760000,11.03370000,11.03580000,11.01180000,11.01610000,4760.69000000,1682009819999,52461.93350900,155,1275.73000000,14056.47979000,0
1682009820000,11.01590000,11.02070000,10.98270000,11.01450000,6681.13000000,1682009879999,73505.54717500,271,2903.05000000,31934.63406700,0
1682009880000,11.01500000,11.03320000,11.00370000,11.00560000,4197.64000000,1682009939999,46253.75491300,171,1273.33000000,14026.83883800,0
1682009940000,11.01330000,11.02220000,10.98740000,10.99090000,7095.99000000,1682009999999,78083.07698900,242,3928.80000000,43243.87043600,0
1682010000000,10.99060000,11.01000000,10.99010000,11.00360000,1814.04000000,1682010059999,19959.60982700,87,982.65000000,10810.63095800,0
1682010060000,11.00380000,11.01220000,10.96210000,10.97160000,14463.28000000,1682010119999,158891.53202700,422,5969.08000000,65626.92063800,0
1682010120000,10.97430000,10.97440000,10.94620000,10.96390000,9294.33000000,1682010179999,101845.23234600,363,5225.18000000,57258.22842300,0
1682010180000,10.96390000,10.98970000,10.96390000,10.98780000,4582.40000000,1682010239999,50295.51822700,156,2251.24000000,24714.10698300,0
1682010240000,10.98880000,11.00270000,10.95000000,10.96010000,6349.31000000,1682010299999,69745.24087300,210,2084.37000000,22881.08216800,0
1682010300000,10.95950000,10.96670000,10.92450000,10.94620000,15210.09000000,1682010359999,166509.62297300,432,6646.13000000,72767.57456100,0
1682010360000,10.94430000,10.95970000,10.91280000,10.92720000,12484.07000000,1682010419999,136476.46199100,381,4236.64000000,46309.56289600,0
1682010420000,10.92330000,10.93880000,10.88550000,10.88670000,14402.58000000,1682010479999,157225.58196400,386,6035.67000000,65901.15799300,0
1682010480000,10.89050000,10.89430000,10.85530000,10.86550000,12138.06000000,1682010539999,131975.96559600,431,6205.12000000,67459.38930200,0
1682010540000,10.87210000,10.89130000,10.85500000,10.87160000,6883.79000000,1682010599999,74846.80930800,234,2159.60000000,23478.84013300,0
1682010600000,10.86960000,10.90270000,10.85670000,10.88930000,9481.79000000,1682010659999,103197.74908800,309,6614.55000000,72006.65305200,0
1682010660000,10.88920000,10.90550000,10.88160000,10.89970000,5740.61000000,1682010719999,62539.95467400,196,2731.69000000,29770.01383700,0
1682010720000,10.90280000,10.90770000,10.89550000,10.89910000,8392.95000000,1682010779999,91487.94121700,141,1718.19000000,18725.28875500,0
1682010780000,10.89940000,10.91000000,10.87590000,10.91000000,4451.42000000,1682010839999,48473.70478300,146,2709.61000000,29500.44021600,0
1682010840000,10.91000000,10.96940000,10.91000000,10.96670000,10138.19000000,1682010899999,111035.23797400,267,7228.40000000,79173.61583700,0
1682010900000,10.96380000,10.97000000,10.94960000,10.95150000,8591.75000000,1682010959999,94144.58622400,239,5271.83000000,57776.46878700,0
1682010960000,10.95150000,10.95150000,10.90000000,10.93270000,61083.83000000,1682011019999,666539.77992800,524,31498.11000000,343442.90245200,0
1682011020000,10.93150000,10.93380000,10.91630000,10.92480000,2574.71000000,1682011079999,28134.98361300,94,1411.39000000,15426.65780700,0
1682011080000,10.92530000,10.96480000,10.92230000,10.96410000,2666.68000000,1682011139999,29178.33286900,110,1734.31000000,18981.93000000,0
1682011140000,10.96670000,10.97810000,10.96540000,10.97160000,4967.92000000,1682011199999,54513.87067600,140,1922.13000000,21089.36495200,0
1682011200000,10.97160000,10.98460000,10.94000000,10.94470000,8940.90000000,1682011259999,98046.03759800,233,3793.77000000,41596.51928100,0
1682011260000,10.94410000,10.95140000,10.88690000,10.92270000,13806.96000000,1682011319999,150761.53623500,358,5181.56000000,56583.20258500,0
1682011320000,10.92260000,10.96360000,10.92260000,10.95800000,5198.51000000,1682011379999,56930.81957100,178,2939.00000000,32175.84827600,0
1682011380000,10.95700000,10.96350000,10.93720000,10.94140000,5715.39000000,1682011439999,62584.70668200,140,2873.93000000,31476.81609300,0
1682011440000,10.94410000,10.95630000,10.93570000,10.95100000,5980.34000000,1682011499999,65460.44493300,93,2542.94000000,27835.37449800,0
1682011500000,10.95390000,10.97540000,10.95310000,10.97530000,1809.44000000,1682011559999,19838.78750500,84,1255.54000000,13766.98949100,0
1682011560000,10.97440000,10.98330000,10.97220000,10.98080000,1775.53000000,1682011619999,19490.15226300,82,953.46000000,10467.73955500,0
1682011620000,10.98410000,10.99940000,10.97310000,10.99690000,5602.55000000,1682011679999,61556.33711200,170,4297.76000000,47227.33421200,0
1682011680000,10.99700000,11.02930000,10.99700000,11.01280000,6882.85000000,1682011739999,75810.48641600,273,3671.04000000,40429.01451300,0
1682011740000,11.01780000,11.03150000,11.00800000,11.00960000,8263.10000000,1682011799999,91096.15489000,161,5623.55000000,62004.61681300,0
1682011800000,11.01350000,11.03520000,10.99150000,11.00560000,5289.80000000,1682011859999,58260.80273700,210,2544.29000000,28022.98581100,0
1682011860000,11.00620000,11.01220000,10.99840000,11.00220000,4981.93000000,1682011919999,54832.38991800,120,1908.83000000,21010.73059100,0
1682011920000,11.00220000,11.01460000,10.99970000,11.00270000,2807.16000000,1682011979999,30889.96474100,96,1209.25000000,13308.01781500,0
1682011980000,11.00270000,11.01580000,10.99440000,10.99440000,963.21000000,1682012039999,10602.03548500,59,286.74000000,3156.62319500,0
1682012040000,10.99240000,11.00550000,10.97280000,10.97990000,3723.43000000,1682012099999,40919.21899400,131,1740.55000000,19129.43113400,0
1682012100000,10.97900000,11.00480000,10.97900000,11.00400000,2570.59000000,1682012159999,28264.43150700,84,1812.56000000,19924.74573800,0
1682012160000,11.00130000,11.00340000,10.99090000,11.00340000,3017.63000000,1682012219999,33179.16161900,60,1190.56000000,13089.41286400,0
1682012220000,11.00370000,11.00460000,10.98140000,10.98260000,1665.63000000,1682012279999,18300.51384100,64,750.25000000,8243.84421600,0
1682012280000,10.98260000,10.99660000,10.97520000,10.97930000,1735.61000000,1682012339999,19072.36949200,66,1152.49000000,12665.56929300,0
1682012340000,10.97800000,10.97800000,10.95750000,10.96330000,2330.75000000,1682012399999,25556.65882600,85,1038.33000000,11385.41273500,0
1682012400000,10.96530000,10.98630000,10.95480000,10.98630000,2960.73000000,1682012459999,32465.40955400,93,1396.81000000,15323.96760600,0
1682012460000,10.98560000,10.98560000,10.95980000,10.96510000,3365.08000000,1682012519999,36928.00777500,76,1918.42000000,21050.69310300,0
1682012520000,10.96260000,10.97130000,10.95600000,10.96980000,3258.62000000,1682012579999,35723.54903000,48,2490.73000000,27306.88503300,0
1682012580000,10.96980000,10.96980000,10.95510000,10.95510000,4161.84000000,1682012639999,45621.69131300,86,1224.26000000,13422.26607000,0
1682012640000,10.95800000,10.97790000,10.95800000,10.97750000,1952.00000000,1682012699999,21402.63472200,69,1738.62000000,19062.36721400,0
1682012700000,10.97660000,10.97660000,10.95000000,10.96640000,5395.01000000,1682012759999,59142.96378400,139,1906.17000000,20889.85201500,0
1682012760000,10.96850000,11.01530000,10.96450000,11.01410000,3850.72000000,1682012819999,42333.53946800,153,3248.78000000,35716.36543300,0
1682012820000,11.01440000,11.01440000,10.98210000,10.98470000,5047.62000000,1682012879999,55492.08719600,107,1583.49000000,17404.44580500,0
1682012880000,10.98400000,10.99410000,10.97750000,10.98170000,2666.06000000,1682012939999,29285.85123700,74,2048.06000000,22497.79972800,0
1682012940000,10.97960000,10.97970000,10.95820000,10.96870000,3423.03000000,1682012999999,37542.96346100,124,1190.63000000,13055.84198600,0
1682013000000,10.96880000,10.98000000,10.96120000,10.96890000,2802.14000000,1682013059999,30749.15106200,78,2298.90000000,25227.66677600,0
1682013060000,10.96880000,10.97300000,10.95290000,10.95610000,2778.83000000,1682013119999,30463.90936900,68,400.75000000,4394.49689900,0
1682013120000,10.95500000,10.98730000,10.95080000,10.98390000,4792.60000000,1682013179999,52570.48571400,119,3628.80000000,39804.03402400,0
1682013180000,10.98010000,10.98720000,10.97540000,10.98160000,1851.57000000,1682013239999,20336.54513800,49,393.72000000,4323.32217400,0
1682013240000,10.98630000,10.99260000,10.95740000,10.95750000,2526.50000000,1682013299999,27715.91704100,86,357.28000000,3919.11906700,0
1682013300000,10.95760000,10.96200000,10.93860000,10.95630000,5829.33000000,1682013359999,63837.35121100,133,3956.96000000,43332.42065300,0
1682013360000,10.95030000,10.95380000,10.94900000,10.95140000,1735.05000000,1682013419999,19001.33420400,18,1377.83000000,15088.60159100,0
1682013420000,10.94960000,10.95200000,10.94020000,10.94160000,1298.79000000,1682013479999,14216.33803000,60,535.40000000,5860.03852800,0
1682013480000,10.93990000,10.94520000,10.93160000,10.93210000,956.40000000,1682013539999,10459.72962100,71,425.91000000,4659.00651600,0
1682013540000,10.93380000,10.93380000,10.90820000,10.91650000,3221.45000000,1682013599999,35179.88130700,169,1367.70000000,14937.34307400,0
1682013600000,10.91330000,10.92090000,10.90100000,10.90700000,4296.13000000,1682013659999,46871.02710100,119,1366.46000000,14907.57137900,0
1682013660000,10.90660000,10.90950000,10.89290000,10.89960000,2672.18000000,1682013719999,29130.51296400,116,1694.41000000,18472.99777600,0
1682013720000,10.89930000,10.89930000,10.87660000,10.87780000,10389.74000000,1682013779999,113106.55726800,278,5892.21000000,64137.39586800,0
1682013780000,10.87850000,10.90650000,10.86540000,10.89280000,15376.62000000,1682013839999,167391.81598900,283,8307.71000000,90439.19735000,0
1682013840000,10.88950000,10.93810000,10.88950000,10.92900000,4200.22000000,1682013899999,45863.69439200,152,2476.96000000,27034.66805300,0
1682013900000,10.92720000,10.92780000,10.87640000,10.88860000,8363.69000000,1682013959999,91156.42892900,213,3044.86000000,33174.02826000,0
1682013960000,10.88710000,10.91480000,10.86600000,10.91280000,5308.04000000,1682014019999,57767.36633600,168,2586.86000000,28161.01656800,0
1682014020000,10.90980000,10.93570000,10.90520000,10.93030000,7052.64000000,1682014079999,77054.78372900,135,2807.50000000,30665.84678200,0
1682014080000,10.93500000,10.95200000,10.93440000,10.94620000,1793.67000000,1682014139999,19634.84695600,60,639.65000000,7002.63068300,0
1682014140000,10.94620000,10.94770000,10.93460000,10.94770000,1135.88000000,1682014199999,12426.29433900,46,512.96000000,5610.72037000,0
1682014200000,10.94520000,10.99430000,10.94180000,10.98600000,5537.18000000,1682014259999,60704.62411200,199,2916.20000000,31987.08157500,0
1682014260000,10.98640000,10.99710000,10.98550000,10.98740000,3968.50000000,1682014319999,43624.33463600,84,1963.96000000,21592.55188300,0
1682014320000,10.99340000,10.99920000,10.98140000,10.98260000,1922.83000000,1682014379999,21134.10086100,61,1079.53000000,11866.23535200,0
1682014380000,10.98260000,10.98260000,10.96890000,10.97060000,801.03000000,1682014439999,8791.19451800,33,219.69000000,2410.36254300,0
1682014440000,10.97120000,10.98660000,10.97110000,10.98580000,1650.47000000,1682014499999,18116.23808800,46,887.75000000,9742.98960200,0
1682014500000,10.98010000,10.99230000,10.96860000,10.96990000,1924.72000000,1682014559999,21133.81743100,70,1155.89000000,12693.10224200,0
1682014560000,10.96990000,10.97650000,10.96690000,10.96780000,1375.43000000,1682014619999,15089.57633000,40,882.26000000,9678.77746300,0
1682014620000,10.96840000,10.96840000,10.93630000,10.94600000,1518.10000000,1682014679999,16620.07188600,86,584.57000000,6400.42237700,0
1682014680000,10.94330000,10.94880000,10.92230000,10.92720000,4119.11000000,1682014739999,45040.99608300,93,1801.43000000,19693.10912400,0
1682014740000,10.92440000,10.93310000,10.91960000,10.93060000,1734.74000000,1682014799999,18952.75804000,45,515.46000000,5632.83123800,0
1682014800000,10.93240000,10.93500000,10.90180000,10.91030000,8422.68000000,1682014859999,91907.35604100,120,3021.01000000,32973.31679500,0
1682014860000,10.90700000,10.91440000,10.88160000,10.88780000,3337.50000000,1682014919999,36383.05605600,107,938.74000000,10235.98182200,0
1682014920000,10.88760000,10.91510000,10.88760000,10.91180000,3357.41000000,1682014979999,36592.60261400,88,2896.48000000,31565.86150800,0
1682014980000,10.91570000,10.91900000,10.89750000,10.91320000,3475.00000000,1682015039999,37900.14029200,91,1646.41000000,17959.40407700,0
1682015040000,10.91330000,10.91330000,10.89880000,10.91310000,3650.32000000,1682015099999,39818.43923600,82,2195.06000000,23947.99250300,0
1682015100000,10.91080000,10.91550000,10.89060000,10.89060000,1252.93000000,1682015159999,13653.87953600,53,742.07000000,8086.16633400,0
1682015160000,10.89380000,10.89390000,10.87690000,10.88050000,3190.19000000,1682015219999,34721.06449900,91,1515.33000000,16487.40186200,0
1682015220000,10.87890000,10.89950000,10.86660000,10.89950000,2833.07000000,1682015279999,30822.91970300,94,2334.84000000,25404.55184300,0
1682015280000,10.90010000,10.90230000,10.86580000,10.87620000,2928.12000000,1682015339999,31849.66802500,92,1182.09000000,12858.34803600,0
1682015340000,10.87620000,10.87670000,10.86650000,10.86810000,1707.28000000,1682015399999,18559.52195900,32,433.38000000,4712.32967500,0
1682015400000,10.86820000,10.88860000,10.86410000,10.87100000,4122.17000000,1682015459999,44831.59855700,99,2174.41000000,23647.76850200,0
1682015460000,10.86780000,10.88640000,10.86000000,10.87070000,2840.80000000,1682015519999,30889.64262200,104,1022.13000000,11114.36188600,0
1682015520000,10.87090000,10.90730000,10.87090000,10.90000000,1619.33000000,1682015579999,17630.69978000,79,1044.48000000,11372.24655300,0
1682015580000,10.89690000,10.90870000,10.88470000,10.90840000,1404.07000000,1682015639999,15304.65360400,66,633.70000000,6905.72743500,0
1682015640000,10.90840000,10.91290000,10.90080000,10.90580000,4339.81000000,1682015699999,47336.79676200,64,1742.39000000,19005.69030000,0
1682015700000,10.90590000,10.90600000,10.88390000,10.88390000,2270.91000000,1682015759999,24733.89414200,66,1057.07000000,11513.42227600,0
1682015760000,10.88510000,10.90050000,10.87770000,10.89700000,2596.46000000,1682015819999,28275.22729600,79,1232.46000000,13422.35679600,0
1682015820000,10.89710000,10.90780000,10.88350000,10.90560000,2017.43000000,1682015879999,21976.76477300,80,921.95000000,10044.54175100,0
1682015880000,10.90440000,10.92830000,10.89290000,10.92570000,4354.73000000,1682015939999,47483.47332400,96,3032.70000000,33067.78207600,0
1682015940000,10.92570000,10.93040000,10.91030000,10.91290000,3393.56000000,1682015999999,37053.40047100,72,1369.63000000,14953.79625200,0
1682016000000,10.91290000,10.91290000,10.89440000,10.90900000,1748.01000000,1682016059999,19058.75577900,65,162.53000000,1771.97042200,0
1682016060000,10.91000000,10.93190000,10.91000000,10.92580000,1942.29000000,1682016119999,21213.05124900,73,1275.46000000,13927.70767100,0
1682016120000,10.92130000,10.93710000,10.91190000,10.91190000,3027.45000000,1682016179999,33079.24278800,81,1463.69000000,16000.15843500,0
1682016180000,10.91210000,10.91250000,10.89450000,10.90970000,3144.96000000,1682016239999,34287.48399900,77,787.60000000,8587.99983000,0
1682016240000,10.90640000,10.94400000,10.90420000,10.94400000,1576.88000000,1682016299999,17229.77566400,86,668.97000000,7311.40670300,0
1682016300000,10.93830000,10.95390000,10.91550000,10.94940000,2093.84000000,1682016359999,22881.79045500,80,1126.16000000,12306.60416300,0
1682016360000,10.95330000,10.96420000,10.93480000,10.93480000,2878.10000000,1682016419999,31526.14878900,97,1448.02000000,15860.54769500,0
1682016420000,10.93910000,10.94040000,10.92380000,10.92700000,3843.29000000,1682016479999,42011.33390300,84,1499.76000000,16398.23639800,0
1682016480000,10.92990000,10.93650000,10.91930000,10.91940000,1559.13000000,1682016539999,17042.74128200,46,579.91000000,6340.07489300,0
1682016540000,10.91890000,10.93740000,10.91290000,10.93600000,858.84000000,1682016599999,9383.56314300,53,618.61000000,6761.18849200,0
1682016600000,10.93620000,10.95370000,10.93620000,10.94670000,1379.44000000,1682016659999,15097.96983000,58,541.02000000,5922.00936200,0
1682016660000,10.94680000,10.96050000,10.94610000,10.95590000,1247.24000000,1682016719999,13658.41762100,45,1014.41000000,11108.12393200,0
1682016720000,10.95590000,10.96050000,10.94700000,10.95780000,2094.33000000,1682016779999,22944.13190100,45,601.47000000,6589.44056500,0
1682016780000,10.95590000,10.96070000,10.95270000,10.95750000,266.80000000,1682016839999,2923.44719400,17,157.81000000,1729.40216700,0
1682016840000,10.96080000,10.97340000,10.96080000,10.97210000,1956.55000000,1682016899999,21453.63726000,64,1411.17000000,15472.60826600,0
1682016900000,10.97000000,10.97000000,10.94620000,10.95100000,1514.25000000,1682016959999,16590.33239700,58,219.18000000,2401.20554900,0
1682016960000,10.95000000,10.97340000,10.95000000,10.97340000,3443.44000000,1682017019999,37737.31403100,74,2577.83000000,28252.53522900,0
1682017020000,10.96950000,10.98830000,10.96790000,10.98620000,1506.12000000,1682017079999,16531.21364200,70,980.01000000,10758.21860100,0
1682017080000,10.98630000,10.98630000,10.97670000,10.97980000,500.33000000,1682017139999,5494.20472500,17,225.94000000,2480.76643300,0
1682017140000,10.97690000,10.98200000,10.96770000,10.97640000,1638.55000000,1682017199999,17977.31848300,45,399.13000000,4380.53332600,0
1682017200000,10.97610000,10.97610000,10.95860000,10.96430000,1984.14000000,1682017259999,21754.60110000,50,1337.21000000,14661.60167800,0
1682017260000,10.96530000,10.96660000,10.95360000,10.95750000,3460.95000000,1682017319999,37928.54308100,67,644.42000000,7063.78009000,0
1682017320000,10.95690000,10.96390000,10.95420000,10.95520000,611.20000000,1682017379999,6699.49538300,22,354.14000000,3881.93740400,0
1682017380000,10.95620000,10.95620000,10.92450000,10.93310000,2298.11000000,1682017439999,25136.30146200,97,662.35000000,7243.11116600,0
1682017440000,10.92940000,10.93000000,10.91130000,10.91130000,1970.33000000,1682017499999,21514.69407700,82,703.68000000,7686.05537500,0
1682017500000,10.90970000,10.91880000,10.89950000,10.90970000,6377.64000000,1682017559999,69567.00965600,167,2361.45000000,25759.77644600,0
1682017560000,10.90870000,10.94860000,10.90860000,10.94860000,2238.65000000,1682017619999,24472.36117500,84,1513.83000000,16546.77521100,0
1682017620000,10.94470000,10.94790000,10.93220000,10.93680000,2068.78000000,1682017679999,22624.71274400,73,1051.49000000,11500.04999500,0
1682017680000,10.93470000,10.93800000,10.91770000,10.93790000,3396.56000000,1682017739999,37120.30199400,82,1635.75000000,17874.23279100,0
1682017740000,10.93660000,10.93820000,10.91300000,10.92340000,2446.10000000,1682017799999,26719.06759900,82,664.17000000,7253.94782000,0
1682017800000,10.92070000,10.92890000,10.90390000,10.90680000,2582.07000000,1682017859999,28180.92631300,91,1104.52000000,12058.49128800,0
1682017860000,10.90380000,10.91090000,10.89750000,10.90930000,2102.76000000,1682017919999,22927.24380700,67,1596.95000000,17411.66175900,0
1682017920000,10.90980000,10.91930000,10.89600000,10.89650000,1315.53000000,1682017979999,14346.73784400,79,361.05000000,3939.53829800,0
1682017980000,10.89660000,10.90240000,10.87140000,10.90240000,6481.78000000,1682018039999,70558.46712100,223,3166.02000000,34463.03992100,0
1682018040000,10.90140000,10.90310000,10.88420000,10.89430000,1705.11000000,1682018099999,18577.19184300,52,467.74000000,5092.62147000,0
1682018100000,10.89170000,10.89980000,10.87900000,10.88090000,3401.71000000,1682018159999,37031.94224100,98,483.70000000,5268.50764000,0
1682018160000,10.88160000,10.92390000,10.88160000,10.90630000,6815.74000000,1682018219999,74287.50289200,217,4273.47000000,46561.26399500,0
1682018220000,10.90630000,10.93050000,10.90630000,10.93030000,2135.47000000,1682018279999,23324.41290200,69,929.83000000,10153.49165400,0
1682018280000,10.92590000,10.93080000,10.90620000,10.91110000,1917.23000000,1682018339999,20942.47875100,57,680.89000000,7438.14713000,0
1682018340000,10.91550000,10.92440000,10.90400000,10.92070000,1337.59000000,1682018399999,14599.81717800,64,672.52000000,7342.28909800,0
1682018400000,10.91500000,10.92790000,10.89020000,10.91710000,3390.21000000,1682018459999,36999.76933400,92,1708.61000000,18646.30123400,0
1682018460000,10.91540000,10.93680000,10.89990000,10.93430000,2224.51000000,1682018519999,24286.71359900,94,1766.42000000,19287.08526200,0
1682018520000,10.93380000,10.93380000,10.88000000,10.89020000,5276.21000000,1682018579999,57505.94822200,142,305.85000000,3333.94074300,0
1682018580000,10.89040000,10.89660000,10.87380000,10.89170000,3555.28000000,1682018639999,38686.47819600,88,1311.08000000,14272.44431400,0
1682018640000,10.89520000,10.90750000,10.88600000,10.89410000,4846.00000000,1682018699999,52801.52582800,122,3557.82000000,38766.67493600,0
1682018700000,10.89690000,10.92220000,10.87740000,10.89650000,6512.19000000,1682018759999,70947.89802500,188,1981.82000000,21611.68529200,0
1682018760000,10.89650000,10.92060000,10.89280000,10.91730000,2919.80000000,1682018819999,31863.83253600,77,654.86000000,7144.91682200,0
1682018820000,10.90930000,10.91680000,10.90050000,10.91460000,2344.27000000,1682018879999,25579.21684900,78,984.40000000,10742.05389300,0
1682018880000,10.91690000,10.91690000,10.88980000,10.88980000,3034.99000000,1682018939999,33072.34243100,73,1697.48000000,18493.60349800,0
1682018940000,10.89130000,10.91000000,10.89130000,10.90630000,3202.84000000,1682018999999,34927.26053100,83,1768.15000000,19278.23973000,0
1682019000000,10.90730000,10.91000000,10.90000000,10.90130000,34817.84000000,1682019059999,379773.72309800,359,18830.27000000,205433.25012300,0
1682019060000,10.90000000,10.91000000,10.89720000,10.90370000,16432.08000000,1682019119999,179231.19711600,208,11968.52000000,130560.65103100,0
1682019120000,10.90130000,10.90990000,10.87900000,10.87900000,1906.50000000,1682019179999,20782.17018500,81,958.68000000,10450.46360800,0
1682019180000,10.87900000,10.87900000,10.85470000,10.86330000,5323.87000000,1682019239999,57839.39173100,167,1873.92000000,20363.78798800,0
1682019240000,10.86400000,10.86980000,10.84680000,10.86470000,9864.13000000,1682019299999,107061.10944900,214,4750.98000000,51557.54295600,0
1682019300000,10.86120000,10.89320000,10.85660000,10.88340000,4280.36000000,1682019359999,46555.82293100,115,1137.42000000,12366.38897800,0
1682019360000,10.88520000,10.88520000,10.85470000,10.85470000,3893.32000000,1682019419999,42306.82549300,106,1493.47000000,16226.70352500,0
1682019420000,10.85490000,10.86610000,10.84610000,10.85380000,4551.72000000,1682019479999,49407.91479000,106,2171.19000000,23569.95804200,0
1682019480000,10.85300000,10.89440000,10.85160000,10.88700000,2849.36000000,1682019539999,31003.83161800,97,1795.12000000,19527.33568000,0
1682019540000,10.88500000,10.89450000,10.88420000,10.88900000,1164.21000000,1682019599999,12676.77621800,38,624.38000000,6798.87110200,0
1682019600000,10.89390000,10.89880000,10.88800000,10.89880000,2055.05000000,1682019659999,22383.93873700,79,1379.97000000,15031.68162900,0
1682019660000,10.89890000,10.91330000,10.89110000,10.91280000,25608.68000000,1682019719999,279134.47508700,132,23655.43000000,257850.36086700,0
1682019720000,10.91460000,10.94190000,10.91460000,10.93950000,1293.68000000,1682019779999,14139.10220600,91,597.50000000,6530.02680000,0
1682019780000,10.94140000,10.94620000,10.93520000,10.94620000,1471.11000000,1682019839999,16097.01589200,60,590.34000000,6459.22767300,0
1682019840000,10.94570000,10.95780000,10.94360000,10.95490000,2151.59000000,1682019899999,23555.64356100,90,1055.99000000,11561.98526400,0
1682019900000,10.95580000,10.96840000,10.95030000,10.96740000,779.66000000,1682019959999,8544.05016600,56,587.00000000,6431.68926700,0
1682019960000,10.96670000,10.99340000,10.96450000,10.99120000,3590.08000000,1682020019999,39422.83978700,154,3000.82000000,32952.78699600,0
1682020020000,10.99390000,10.99850000,10.97120000,10.97330000,3080.03000000,1682020079999,33845.12746700,82,1894.37000000,20814.44962600,0
1682020080000,10.97330000,10.97860000,10.96590000,10.97510000,1746.76000000,1682020139999,19170.08220900,43,844.02000000,9262.76699800,0
1682020140000,10.96940000,10.96940000,10.94360000,10.96520000,1909.11000000,1682020199999,20925.55671600,91,649.31000000,7114.72409800,0
1682020200000,10.96740000,10.96740000,10.94470000,10.95680000,4394.71000000,1682020259999,48164.53486300,129,1540.15000000,16874.53626700,0
1682020260000,10.95830000,10.95830000,10.93780000,10.93910000,2024.65000000,1682020319999,22164.05321400,70,580.18000000,6353.71271400,0
1682020320000,10.93920000,10.95810000,10.93680000,10.95800000,2543.27000000,1682020379999,27841.91015800,81,1786.48000000,19560.12220200,0
1682020380000,10.95740000,10.95970000,10.94080000,10.94790000,2996.04000000,1682020439999,32815.61450400,75,715.40000000,7835.43290400,0
1682020440000,10.95230000,10.95630000,10.94320000,10.94330000,1581.58000000,1682020499999,17317.82450600,40,1009.03000000,11049.10292000,0
1682020500000,10.94580000,10.96870000,10.94580000,10.96770000,1258.32000000,1682020559999,13782.91657200,58,1047.67000000,11475.66379400,0
1682020560000,10.97050000,10.97050000,10.95260000,10.95260000,856.28000000,1682020619999,9386.75489400,22,57.37000000,628.63710500,0
1682020620000,10.95930000,10.96390000,10.94900000,10.94900000,2866.99000000,1682020679999,31419.62762900,67,1594.18000000,17469.04949300,0
1682020680000,10.94910000,10.95190000,10.92000000,10.92000000,2840.59000000,1682020739999,31056.43498100,87,132.22000000,1445.09632100,0
1682020740000,10.92330000,10.93570000,10.92080000,10.92360000,975.33000000,1682020799999,10655.37342300,43,765.03000000,8357.39576000,0
1682020800000,10.92210000,10.92750000,10.91070000,10.92700000,3654.25000000,1682020859999,39910.19829500,73,2786.75000000,30435.31378400,0
1682020860000,10.92590000,10.96150000,10.92570000,10.95870000,3096.96000000,1682020919999,33894.95963500,92,1901.56000000,20809.63084600,0
1682020920000,10.95880000,10.96920000,10.95860000,10.96270000,1142.21000000,1682020979999,12523.90040700,48,951.70000000,10435.14890900,0
1682020980000,10.96270000,10.99650000,10.95870000,10.99480000,1437.11000000,1682021039999,15770.64626000,98,694.48000000,7625.71632300,0
1682021040000,10.99640000,11.00140000,10.98270000,10.98290000,1954.98000000,1682021099999,21478.28179800,59,238.97000000,2626.47328400,0
1682021100000,10.97870000,10.97880000,10.96660000,10.97010000,1825.77000000,1682021159999,20035.59248800,53,1075.16000000,11797.67381100,0
1682021160000,10.96970000,10.97560000,10.96360000,10.96800000,984.71000000,1682021219999,10803.01209900,33,559.33000000,6136.99253300,0
1682021220000,10.96690000,10.98040000,10.96680000,10.97140000,727.53000000,1682021279999,7985.16642300,34,255.40000000,2803.19761800,0
1682021280000,10.96980000,10.97310000,10.96530000,10.97030000,1507.92000000,1682021339999,16539.21536800,45,785.13000000,8612.36595300,0
1682021340000,10.96820000,10.97110000,10.95060000,10.95480000,794.09000000,1682021399999,8703.36988800,46,174.53000000,1912.10266000,0
1682021400000,10.95240000,10.95240000,10.93260000,10.93530000,1579.58000000,1682021459999,17286.46245300,56,804.13000000,8801.03191700,0
1682021460000,10.93620000,10.93620000,10.91900000,10.92860000,2020.42000000,1682021519999,22073.36149800,72,529.41000000,5783.23410500,0
1682021520000,10.92100000,10.94470000,10.91430000,10.93140000,2851.18000000,1682021579999,31146.15036600,95,940.61000000,10273.22453900,0
1682021580000,10.93040000,10.94000000,10.92400000,10.93790000,553.41000000,1682021639999,6049.72377200,29,207.02000000,2264.15114100,0
1682021640000,10.93690000,10.94350000,10.93490000,10.93720000,226.17000000,1682021699999,2473.87440900,19,76.66000000,838.50013100,0
1682021700000,10.94260000,10.94430000,10.93430000,10.93520000,594.59000000,1682021759999,6504.72572100,21,77.41000000,846.97359100,0
1682021760000,10.93520000,10.93520000,10.92500000,10.92500000,746.62000000,1682021819999,8159.84521500,29,108.84000000,1189.48770900,0
1682021820000,10.92440000,10.92440000,10.90060000,10.92090000,3665.77000000,1682021879999,39999.23605100,102,2086.71000000,22766.88807300,0
1682021880000,10.91690000,10.95660000,10.91290000,10.95450000,2013.39000000,1682021939999,22012.35051000,65,1128.73000000,12341.72152900,0
1682021940000,10.94720000,10.95970000,10.94720000,10.95680000,753.63000000,1682021999999,8254.37524000,28,538.25000000,5894.48024500,0
1682022000000,10.95820000,10.96030000,10.94590000,10.95580000,2100.09000000,1682022059999,23000.48495800,49,1123.17000000,12300.82329200,0
1682022060000,10.95560000,10.97600000,10.95560000,10.97040000,2694.01000000,1682022119999,29539.15383700,69,2417.63000000,26507.25779000,0
1682022120000,10.97260000,10.97630000,10.96570000,10.97530000,1829.42000000,1682022179999,20070.75507600,35,632.42000000,6938.42087400,0
1682022180000,10.97540000,10.98900000,10.97540000,10.98190000,733.42000000,1682022239999,8054.02842500,50,639.36000000,7021.33478400,0
1682022240000,10.97780000,11.00080000,10.97450000,11.00080000,2783.14000000,1682022299999,30590.93560100,79,1931.20000000,21228.64626400,0
1682022300000,10.99170000,10.99170000,10.97770000,10.99020000,1373.09000000,1682022359999,15080.86686100,42,334.10000000,3669.49400500,0
1682022360000,10.98870000,10.99270000,10.98030000,10.99270000,1764.74000000,1682022419999,19387.36505500,47,1104.58000000,12135.82662000,0
1682022420000,10.99290000,11.01010000,10.99130000,10.99130000,1681.65000000,1682022479999,18499.26550700,89,778.80000000,8565.85250500,0
1682022480000,10.99090000,10.99760000,10.98800000,10.99510000,2259.43000000,1682022539999,24837.45835800,45,238.60000000,2623.27290800,0
1682022540000,10.99030000,11.03390000,10.98930000,11.03240000,3938.88000000,1682022599999,43379.07239700,116,2481.05000000,27301.81743900,0
1682022600000,11.03390000,11.04260000,11.02460000,11.03800000,2841.68000000,1682022659999,31348.11445900,98,1897.23000000,20926.80654500,0
1682022660000,11.03790000,11.04640000,11.02720000,11.04440000,2302.40000000,1682022719999,25415.73743400,85,651.61000000,7190.64316700,0
1682022720000,11.04450000,11.05130000,11.03510000,11.04770000,1582.24000000,1682022779999,17474.34460800,58,1154.04000000,12744.37129700,0
1682022780000,11.04390000,11.04390000,11.02650000,11.03130000,2385.02000000,1682022839999,26320.41463800,82,1243.39000000,13719.09133200,0
1682022840000,11.03330000,11.03830000,11.02600000,11.03810000,891.86000000,1682022899999,9838.10616800,47,561.10000000,6190.22815500,0
1682022900000,11.03810000,11.04600000,11.03150000,11.03360000,1926.91000000,1682022959999,21268.11038300,51,702.35000000,7751.08337800,0
1682022960000,11.03590000,11.08080000,11.03590000,11.07550000,5981.14000000,1682023019999,66218.45301200,167,5051.08000000,55926.37666700,0
1682023020000,11.06870000,11.07510000,11.05130000,11.06000000,1952.45000000,1682023079999,21598.39861300,75,1169.89000000,12942.58720000,0
1682023080000,11.05960000,11.06450000,11.04710000,11.05210000,2757.58000000,1682023139999,30492.18365800,74,1529.27000000,16909.89688000,0
1682023140000,11.05160000,11.05160000,11.04470000,11.04480000,3458.54000000,1682023199999,38204.38210000,52,3229.06000000,35669.38639000,0
1682023200000,11.04470000,11.04750000,11.03340000,11.04060000,726.07000000,1682023259999,8017.05893800,60,336.99000000,3721.16197900,0
1682023260000,11.03650000,11.04460000,11.03030000,11.04360000,3567.11000000,1682023319999,39378.39903700,65,2072.15000000,22869.63717400,0
1682023320000,11.04030000,11.04420000,11.03260000,11.03940000,1793.10000000,1682023379999,19795.04278200,31,489.90000000,5408.79551300,0
1682023380000,11.04250000,11.05490000,11.03780000,11.04720000,987.33000000,1682023439999,10908.29143200,50,439.45000000,4854.32663000,0
1682023440000,11.04390000,11.04390000,11.03810000,11.04170000,320.40000000,1682023499999,3537.97412600,16,112.15000000,1238.41691500,0
1682023500000,11.04010000,11.05200000,11.04000000,11.05200000,620.94000000,1682023559999,6858.44495900,26,363.60000000,4016.11846100,0
1682023560000,11.05080000,11.05280000,11.04370000,11.04580000,980.05000000,1682023619999,10827.38033900,38,122.10000000,1348.84130000,0
1682023620000,11.04940000,11.06300000,11.04420000,11.04700000,898.16000000,1682023679999,9924.09148400,36,772.84000000,8539.31638900,0
1682023680000,11.04700000,11.05460000,11.04700000,11.05250000,861.97000000,1682023739999,9526.11142000,33,595.77000000,6584.60899800,0
1682023740000,11.05340000,11.05340000,11.03030000,11.03730000,1809.97000000,1682023799999,19987.72769300,60,717.51000000,7917.49512600,0
1682023800000,11.04060000,11.04310000,11.02780000,11.02800000,1302.01000000,1682023859999,14367.25449500,32,241.52000000,2665.56846400,0
1682023860000,11.02990000,11.04440000,11.02990000,11.03900000,1435.71000000,1682023919999,15848.31608800,34,865.10000000,9548.28765000,0
1682023920000,11.03520000,11.03810000,11.02880000,11.03180000,1144.93000000,1682023979999,12632.08594900,29,570.27000000,6292.21516900,0
1682023980000,11.03230000,11.03350000,11.02470000,11.02470000,1039.25000000,1682024039999,11463.45014300,26,106.42000000,1174.08978600,0
1682024040000,11.03110000,11.03110000,11.01890000,11.02120000,1721.20000000,1682024099999,18972.23161300,27,18.36000000,202.45470100,0
1682024100000,11.01720000,11.01720000,11.00070000,11.01630000,6045.46000000,1682024159999,66564.05207900,106,1155.63000000,12728.22751700,0
1682024160000,11.01380000,11.02400000,11.00790000,11.00950000,1105.57000000,1682024219999,12180.13415100,60,274.78000000,3027.09368400,0
1682024220000,11.00960000,11.01210000,11.00690000,11.01080000,336.67000000,1682024279999,3706.68707700,19,281.33000000,3097.54734900,0
1682024280000,11.01080000,11.01980000,11.00670000,11.01520000,924.18000000,1682024339999,10179.69668800,37,762.54000000,8399.36696100,0
1682024340000,11.01400000,11.01400000,11.00460000,11.00540000,681.61000000,1682024399999,7505.15473000,25,89.76000000,988.33162000,0
1682024400000,11.00550000,11.00600000,10.98750000,10.98820000,721.16000000,1682024459999,7930.05973000,65,316.17000000,3475.49723100,0
1682024460000,10.98800000,11.00460000,10.98540000,11.00460000,1010.84000000,1682024519999,11113.66442400,40,926.47000000,10186.62645200,0
1682024520000,11.00540000,11.04330000,11.00540000,11.04330000,1242.89000000,1682024579999,13709.44298300,81,652.05000000,7190.69935100,0
1682024580000,11.04290000,11.04440000,11.01030000,11.01100000,2122.45000000,1682024639999,23393.14107300,71,491.19000000,5413.40153000,0
1682024640000,11.01180000,11.01180000,10.99930000,11.00210000,505.57000000,1682024699999,5564.20157000,37,352.50000000,3879.26713600,0
1682024700000,10.99840000,11.02410000,10.99340000,11.02180000,2058.95000000,1682024759999,22648.82112500,67,1828.95000000,20118.46195800,0
1682024760000,11.02450000,11.03000000,11.02450000,11.03000000,798.07000000,1682024819999,8802.18610600,21,688.40000000,7592.86432200,0
1682024820000,11.02990000,11.03000000,11.01090000,11.01090000,580.06000000,1682024879999,6393.38728400,28,89.39000000,985.08424100,0
1682024880000,11.01090000,11.01870000,11.00000000,11.01080000,1333.45000000,1682024939999,14677.29677500,59,825.99000000,9093.56179500,0
1682024940000,11.00990000,11.00990000,10.98930000,10.98930000,1848.79000000,1682024999999,20337.44285700,52,284.29000000,3126.25709000,0
1682025000000,10.98920000,11.00580000,10.98920000,11.00560000,772.11000000,1682025059999,8494.09139400,25,733.09000000,8064.69057500,0
1682025060000,11.00030000,11.00170000,10.99510000,10.99510000,440.65000000,1682025119999,4846.29794200,15,114.24000000,1256.45941800,0
1682025120000,10.99520000,11.00620000,10.99520000,11.00180000,1563.54000000,1682025179999,17196.94312900,30,982.11000000,10801.86167900,0
1682025180000,10.99760000,11.01350000,10.99690000,11.01350000,536.98000000,1682025239999,5911.32954000,25,458.48000000,5046.88302400,0
1682025240000,11.01150000,11.01550000,11.00950000,11.01550000,279.95000000,1682025299999,3082.52982800,19,66.62000000,733.61084100,0
1682025300000,11.01380000,11.03290000,11.01380000,11.03240000,1365.96000000,1682025359999,15066.54467600,43,1045.17000000,11527.77706800,0
1682025360000,11.03110000,11.04870000,11.03110000,11.04370000,1588.96000000,1682025419999,17543.23233800,43,1021.87000000,11282.12806000,0
1682025420000,11.03590000,11.03900000,11.02980000,11.03410000,548.53000000,1682025479999,6052.56391700,29,311.55000000,3437.75572000,0
1682025480000,11.03200000,11.05330000,11.03200000,11.03750000,2358.07000000,1682025539999,26040.09219000,70,1301.02000000,14363.35237200,0
1682025540000,11.03560000,11.03560000,11.02560000,11.02830000,1682.97000000,1682025599999,18563.04330900,57,614.59000000,6778.46985900,0
1682025600000,11.02980000,11.05160000,11.02980000,11.05160000,1134.35000000,1682025659999,12516.98732100,44,1002.68000000,11062.40197700,0
1682025660000,11.05100000,11.05770000,11.04070000,11.05510000,3066.49000000,1682025719999,33876.21453200,70,1992.50000000,22013.13338400,0
1682025720000,11.05510000,11.05660000,11.03580000,11.04100000,2833.80000000,1682025779999,31308.99307500,57,1300.66000000,14366.08676300,0
1682025780000,11.04620000,11.04620000,11.03210000,11.03680000,876.91000000,1682025839999,9682.45975100,27,237.44000000,2621.29126300,0
1682025840000,11.03600000,11.03920000,11.03190000,11.03920000,537.65000000,1682025899999,5933.29022900,15,469.52000000,5181.54380900,0
1682025900000,11.03810000,11.03810000,11.02230000,11.02230000,1403.40000000,1682025959999,15479.72367900,62,485.33000000,5351.63085900,0
1682025960000,11.02110000,11.02110000,11.01030000,11.01030000,633.18000000,1682026019999,6975.53688300,28,124.34000000,1369.88087500,0
1682026020000,11.01090000,11.01090000,11.00570000,11.00750000,374.68000000,1682026079999,4124.45552700,20,287.63000000,3166.31016800,0
1682026080000,11.00540000,11.01020000,11.00410000,11.00880000,533.14000000,1682026139999,5868.31563200,21,333.43000000,3669.83755700,0
1682026140000,11.00400000,11.00500000,10.99940000,10.99980000,183.55000000,1682026199999,2019.21140600,20,22.81000000,250.96063000,0
1682026200000,10.99820000,11.00160000,10.99070000,11.00160000,1254.80000000,1682026259999,13797.50285300,43,877.38000000,9647.35089900,0
1682026260000,11.00310000,11.00430000,10.99280000,10.99280000,97.17000000,1682026319999,1069.08025900,10,39.62000000,435.95843800,0
1682026320000,10.99410000,10.99410000,10.99010000,10.99070000,634.39000000,1682026379999,6973.37714800,22,190.00000000,2088.50506500,0
1682026380000,10.99050000,11.00170000,10.99050000,10.99940000,655.05000000,1682026439999,7202.64086500,33,492.19000000,5411.44627600,0
1682026440000,11.00180000,11.01950000,10.99730000,10.99730000,2786.99000000,1682026499999,30676.10420100,68,1320.59000000,14534.48872700,0
1682026500000,10.99630000,10.99630000,10.97520000,10.98280000,879.51000000,1682026559999,9661.88056300,66,250.25000000,2749.11924200,0
1682026560000,10.98290000,10.99700000,10.98290000,10.99640000,858.70000000,1682026619999,9439.33048100,29,754.05000000,8288.74686700,0
1682026620000,10.99560000,11.00330000,10.99560000,11.00080000,947.12000000,1682026679999,10418.64946500,25,916.39000000,10080.58743400,0
1682026680000,11.00070000,11.00090000,10.99270000,10.99270000,2105.04000000,1682026739999,23150.86405500,38,431.77000000,4749.04875400,0
1682026740000,10.99210000,10.99380000,10.98120000,10.99380000,1618.40000000,1682026799999,17781.28899200,62,1269.99000000,13953.21848300,0
1682026800000,10.99430000,11.00050000,10.99410000,11.00050000,366.41000000,1682026859999,4029.37934600,29,240.94000000,2649.87836700,0
1682026860000,10.99850000,10.99900000,10.99430000,10.99750000,197.83000000,1682026919999,2175.48133100,8,1.10000000,12.09725000,0
1682026920000,10.99750000,10.99930000,10.98710000,10.98860000,1168.08000000,1682026979999,12836.30627100,28,42.46000000,466.89745200,0
1682026980000,10.98800000,10.99810000,10.98280000,10.99810000,525.24000000,1682027039999,5773.09669400,48,364.50000000,4006.60821300,0
1682027040000,10.99720000,11.01260000,10.99720000,11.01260000,583.38000000,1682027099999,6418.25496800,39,331.84000000,3651.42312800,0
1682027100000,11.01270000,11.01750000,11.01270000,11.01290000,215.56000000,1682027159999,2373.98763900,13,50.13000000,552.14391100,0
1682027160000,11.01290000,11.01580000,11.00030000,11.00030000,478.81000000,1682027219999,5270.16080100,23,173.09000000,1906.56516700,0
1682027220000,11.00040000,11.00100000,10.99900000,10.99900000,81.25000000,1682027279999,893.80113600,7,0.00000000,0.00000000,0
1682027280000,10.99960000,10.99960000,10.99140000,10.99180000,703.64000000,1682027339999,7738.73365800,22,56.34000000,619.28097400,0
1682027340000,10.99140000,10.99180000,10.98630000,10.98630000,684.03000000,1682027399999,7518.28589100,34,652.56000000,7172.41809600,0
1682027400000,10.98630000,10.99680000,10.98630000,10.99680000,685.01000000,1682027459999,7528.08761700,20,627.68000000,6897.75113300,0
1682027460000,11.00020000,11.00580000,11.00020000,11.00480000,1237.44000000,1682027519999,13615.43587000,35,1156.27000000,12722.50424100,0
1682027520000,11.00500000,11.00850000,11.00000000,11.00850000,991.72000000,1682027579999,10911.89429200,24,955.44000000,10512.78119700,0
1682027580000,11.00940000,11.02200000,11.00940000,11.02200000,160.39000000,1682027639999,1766.89332500,33,119.42000000,1315.58109800,0
1682027640000,11.02180000,11.02190000,11.01180000,11.01520000,729.07000000,1682027699999,8031.07378700,45,246.96000000,2719.86645600,0
1682027700000,11.01520000,11.01520000,10.99930000,10.99980000,1254.53000000,1682027759999,13811.47962800,41,129.04000000,1420.03626100,0
1682027760000,11.00160000,11.00920000,10.99990000,11.00560000,943.88000000,1682027819999,10387.96169000,31,312.46000000,3438.87268900,0
1682027820000,11.00490000,11.00490000,10.99820000,10.99910000,503.08000000,1682027879999,5534.34117800,18,92.96000000,1022.76256100,0
1682027880000,10.99850000,10.99850000,10.98870000,10.99820000,322.89000000,1682027939999,3549.65402700,31,225.33000000,2477.00705900,0
1682027940000,10.99880000,11.02900000,10.99880000,11.02900000,2912.90000000,1682027999999,32068.32466700,92,2806.57000000,30896.09104800,0
1682028000000,11.02900000,11.02910000,10.99210000,11.01560000,4571.15000000,1682028059999,50340.62994100,120,1151.92000000,12674.66079500,0
1682028060000,11.01560000,11.04180000,11.01530000,11.04180000,2483.53000000,1682028119999,27385.78252200,78,1394.63000000,15376.26962700,0
1682028120000,11.04320000,11.06700000,11.03190000,11.06470000,11408.84000000,1682028179999,126054.86033400,213,5626.71000000,62174.27052600,0
1682028180000,11.06480000,11.07320000,11.04660000,11.06910000,10241.91000000,1682028239999,113249.23529200,154,5079.64000000,56174.25373900,0
1682028240000,11.06940000,11.07610000,11.06650000,11.07610000,1834.65000000,1682028299999,20309.92404800,39,455.78000000,5046.85127400,0
1682028300000,11.07740000,11.07920000,11.06550000,11.07630000,653.09000000,1682028359999,7231.60928300,32,140.40000000,1554.82940900,0
1682028360000,11.07660000,11.09310000,11.06950000,11.08310000,3029.25000000,1682028419999,33568.32511100,94,2323.03000000,25740.71285700,0
1682028420000,11.08540000,11.09440000,11.08540000,11.08910000,3611.47000000,1682028479999,40048.94904500,65,1841.95000000,20426.62367900,0
1682028480000,11.08990000,11.09460000,11.08450000,11.09150000,1288.47000000,1682028539999,14290.41976000,43,500.66000000,5553.13133200,0
1682028540000,11.08670000,11.11240000,11.08260000,11.10720000,6723.41000000,1682028599999,74636.98376800,133,4335.04000000,48124.96362700,0
1682028600000,11.10840000,11.11530000,11.09500000,11.11530000,2697.47000000,1682028659999,29954.32904400,103,1338.16000000,14855.49632900,0
1682028660000,11.11530000,11.11540000,11.11050000,11.11180000,1025.32000000,1682028719999,11393.66363900,22,643.94000000,7155.41564900,0
1682028720000,11.11100000,11.11990000,11.10310000,11.11440000,2101.90000000,1682028779999,23354.51766900,75,421.29000000,4681.56036600,0
1682028780000,11.11330000,11.11630000,11.10860000,11.11320000,1658.45000000,1682028839999,18433.13772800,16,520.98000000,5790.35185200,0
1682028840000,11.11250000,11.11340000,11.10560000,11.10950000,2304.96000000,1682028899999,25606.81951100,37,1027.68000000,11416.57480400,0
1682028900000,11.11080000,11.11320000,11.10450000,11.10850000,589.46000000,1682028959999,6547.97448600,17,297.57000000,3306.01375200,0
1682028960000,11.10730000,11.13250000,11.10590000,11.13160000,1575.23000000,1682029019999,17516.54106800,88,1002.24000000,11142.38748300,0
1682029020000,11.12950000,11.13480000,11.12610000,11.13050000,1289.29000000,1682029079999,14351.41074000,46,562.07000000,6256.31850900,0
1682029080000,11.13080000,11.13250000,11.10840000,11.10880000,2926.67000000,1682029139999,32561.47812400,62,1763.68000000,19625.64791700,0
1682029140000,11.10880000,11.11070000,11.10480000,11.11070000,460.24000000,1682029199999,5112.51066100,19,436.28000000,4846.41458800,0
1682029200000,11.11340000,11.12810000,11.11340000,11.12790000,798.61000000,1682029259999,8882.64561600,44,567.12000000,6307.99768800,0
1682029260000,11.12520000,11.12520000,11.10910000,11.10910000,1073.73000000,1682029319999,11934.95297800,29,456.73000000,5077.42726800,0
1682029320000,11.11130000,11.11280000,11.11130000,11.11280000,27.45000000,1682029379999,305.00896500,2,27.45000000,305.00896500,0
1682029380000,11.11650000,11.11650000,11.10990000,11.11140000,1155.68000000,1682029439999,12840.25843200,25,929.76000000,10330.28471200,0
1682029440000,11.10910000,11.11060000,11.10800000,11.11060000,184.32000000,1682029499999,2047.59718500,10,172.15000000,1912.40860700,0
1682029500000,11.10810000,11.10810000,11.08780000,11.08910000,4045.06000000,1682029559999,44891.85775000,84,1189.70000000,13194.64211100,0
1682029560000,11.09050000,11.09770000,11.08480000,11.09550000,572.70000000,1682029619999,6351.03390900,30,110.69000000,1227.67507900,0
1682029620000,11.09170000,11.09170000,11.08350000,11.09040000,478.55000000,1682029679999,5304.52914200,16,452.07000000,5010.91232200,0
1682029680000,11.09180000,11.09470000,11.08550000,11.09090000,88.20000000,1682029739999,978.24376100,10,82.28000000,912.60900100,0
1682029740000,11.08880000,11.09140000,11.08680000,11.09020000,17.99000000,1682029799999,199.47488400,4,3.97000000,44.02253600,0
1682029800000,11.08890000,11.08890000,11.06490000,11.07400000,2403.45000000,1682029859999,26619.37109200,90,432.64000000,4790.80106400,0
1682029860000,11.07120000,11.07120000,11.05090000,11.05270000,1843.01000000,1682029919999,20379.25316500,55,954.95000000,10560.91971000,0
1682029920000,11.05050000,11.05050000,11.04000000,11.04330000,1342.89000000,1682029979999,14828.02984900,52,620.65000000,6853.03807700,0
1682029980000,11.04780000,11.06370000,11.04580000,11.04660000,3049.41000000,1682030039999,33711.77816800,66,1247.28000000,13786.70868800,0
1682030040000,11.04700000,11.06130000,11.04700000,11.05030000,381.02000000,1682030099999,4211.19638200,26,271.91000000,3005.64884700,0
1682030100000,11.05520000,11.06000000,11.05500000,11.05910000,1711.67000000,1682030159999,18927.34386300,23,1709.51000000,18903.45620700,0
1682030160000,11.05660000,11.06100000,11.05270000,11.05510000,1192.74000000,1682030219999,13187.71525200,22,278.80000000,3082.18345500,0
1682030220000,11.05570000,11.05570000,11.03670000,11.05480000,4263.76000000,1682030279999,47088.75955700,91,2342.32000000,25870.41944300,0
1682030280000,11.04900000,11.05120000,11.04770000,11.04770000,114.42000000,1682030339999,1264.11354000,3,1.80000000,19.89216000,0
1682030340000,11.04470000,11.05100000,11.04460000,11.05010000,1495.96000000,1682030399999,16527.81640100,20,829.84000000,9167.59275900,0
1682030400000,11.05370000,11.06870000,11.04150000,11.04260000,1425.34000000,1682030459999,15764.15200900,61,374.03000000,4135.60272100,0
1682030460000,11.04090000,11.05690000,11.04090000,11.05690000,1146.84000000,1682030519999,12666.00275800,35,1094.72000000,12090.02433600,0
1682030520000,11.05690000,11.05690000,11.04590000,11.05270000,201.57000000,1682030579999,2227.85399000,10,54.83000000,605.77790600,0
1682030580000,11.04930000,11.04930000,11.03810000,11.03810000,140.56000000,1682030639999,1552.35438500,16,0.91000000,10.04476200,0
1682030640000,11.04180000,11.04800000,11.03960000,11.03960000,685.08000000,1682030699999,7565.11039500,23,350.91000000,3874.36776000,0
1682030700000,11.04450000,11.04710000,11.03760000,11.04600000,1554.11000000,1682030759999,17162.90996400,30,79.51000000,878.08958600,0
1682030760000,11.04870000,11.05500000,11.04740000,11.04740000,1381.43000000,1682030819999,15269.09982400,26,258.87000000,2861.34051900,0
1682030820000,11.04860000,11.05880000,11.04860000,11.05210000,312.19000000,1682030879999,3451.31922300,15,17.72000000,195.91501400,0
1682030880000,11.04990000,11.04990000,11.02520000,11.03710000,4141.23000000,1682030939999,45686.18292900,104,1763.39000000,19454.21533100,0
1682030940000,11.03710000,11.04290000,11.03510000,11.04290000,469.34000000,1682030999999,5179.90084100,17,10.53000000,116.24931000,0
1682031000000,11.03970000,11.04490000,11.03630000,11.04480000,1064.97000000,1682031059999,11758.02824900,21,897.05000000,9904.09704900,0
1682031060000,11.04560000,11.04690000,11.03990000,11.04650000,772.25000000,1682031119999,8527.11188000,21,182.21000000,2012.52897100,0
1682031120000,11.04620000,11.04920000,11.03700000,11.04010000,5331.09000000,1682031179999,58868.93483600,59,1594.49000000,17603.31513200,0
1682031180000,11.03940000,11.04250000,11.02970000,11.04040000,5695.53000000,1682031239999,62860.46802400,99,2719.52000000,30008.75041300,0
1682031240000,11.03950000,11.05110000,11.03850000,11.04350000,596.82000000,1682031299999,6591.30718300,27,163.58000000,1806.59142900,0
1682031300000,11.04810000,11.04810000,11.04160000,11.04160000,886.77000000,1682031359999,9794.17779300,20,55.92000000,617.45454400,0
1682031360000,11.04050000,11.04050000,11.03190000,11.03580000,1260.80000000,1682031419999,13913.36120800,41,732.02000000,8076.99636400,0
1682031420000,11.03480000,11.03790000,11.01410000,11.03520000,2465.12000000,1682031479999,27185.61494800,91,1183.30000000,13046.92743200,0
1682031480000,11.03000000,11.03000000,11.02330000,11.02770000,836.77000000,1682031539999,9227.11722700,11,310.01000000,3418.60306500,0
1682031540000,11.02840000,11.02840000,11.02080000,11.02720000,1684.96000000,1682031599999,18574.24732700,36,983.08000000,10836.14463600,0
1682031600000,11.02100000,11.02520000,11.02100000,11.02490000,115.24000000,1682031659999,1270.18614300,11,115.24000000,1270.18614300,0
1682031660000,11.03070000,11.04080000,11.03070000,11.04080000,248.71000000,1682031719999,2744.29710400,18,248.71000000,2744.29710400,0
1682031720000,11.03990000,11.05350000,11.03820000,11.05340000,2203.34000000,1682031779999,24329.83619600,49,802.92000000,8866.80494000,0
1682031780000,11.05060000,11.07340000,11.05020000,11.06970000,2466.43000000,1682031839999,27300.41916500,79,1192.32000000,13195.49677400,0
1682031840000,11.07430000,11.08410000,11.07430000,11.08410000,648.96000000,1682031899999,7188.61771300,26,532.18000000,5895.19746700,0
1682031900000,11.08310000,11.08420000,11.06840000,11.07520000,2905.37000000,1682031959999,32174.50782700,60,1819.98000000,20149.04900700,0
1682031960000,11.07730000,11.07990000,11.07090000,11.07560000,2195.08000000,1682032019999,24311.08365600,39,524.04000000,5804.81968000,0
1682032020000,11.07320000,11.07320000,11.06440000,11.06440000,225.36000000,1682032079999,2494.48930100,15,12.13000000,134.31201600,0
1682032080000,11.06260000,11.08470000,11.06260000,11.08300000,1024.40000000,1682032139999,11337.11293800,42,857.35000000,9487.25205200,0
1682032140000,11.07480000,11.08170000,11.07480000,11.08160000,336.24000000,1682032199999,3724.25253200,10,322.70000000,3574.20766800,0
1682032200000,11.07910000,11.08190000,11.07080000,11.07990000,2246.69000000,1682032259999,24884.52765500,55,1813.55000000,20086.66234100,0
1682032260000,11.07990000,11.09270000,11.07990000,11.07990000,2488.70000000,1682032319999,27590.20705700,78,1030.92000000,11430.76950200,0
1682032320000,11.07770000,11.08610000,11.07040000,11.08350000,1232.99000000,1682032379999,13663.78507600,34,956.82000000,10604.17544800,0
1682032380000,11.07900000,11.08350000,11.07710000,11.08170000,929.33000000,1682032439999,10298.15695800,18,898.80000000,9959.82987100,0
1682032440000,11.08140000,11.08220000,11.07140000,11.07180000,626.11000000,1682032499999,6935.62992600,30,187.37000000,2075.57251700,0
1682032500000,11.07100000,11.07100000,11.05540000,11.05910000,655.14000000,1682032559999,7247.42657800,44,324.47000000,3589.85828000,0
1682032560000,11.05930000,11.06560000,11.05640000,11.06280000,2042.91000000,1682032619999,22595.64338600,37,844.00000000,9334.09501100,0
1682032620000,11.05970000,11.05970000,11.04640000,11.04700000,1674.95000000,1682032679999,18515.21173300,37,664.65000000,7344.03242800,0
1682032680000,11.05180000,11.05180000,11.04220000,11.04280000,1002.54000000,1682032739999,11073.63085100,29,637.21000000,7038.18911700,0
1682032740000,11.04460000,11.04660000,11.03720000,11.04660000,765.02000000,1682032799999,8448.18244000,27,163.30000000,1803.13110700,0
1682032800000,11.04080000,11.04080000,11.02660000,11.02660000,2950.69000000,1682032859999,32558.51275300,54,67.63000000,746.35074600,0
1682032860000,11.02760000,11.03110000,11.02760000,11.03110000,159.93000000,1682032919999,1763.78323700,9,129.95000000,1433.15240500,0
1682032920000,11.02820000,11.02830000,11.02250000,11.02250000,63.92000000,1682032979999,704.74685200,14,43.98000000,484.92308900,0
1682032980000,11.02250000,11.03600000,11.02240000,11.03260000,4616.26000000,1682033039999,50920.72893300,62,3996.56000000,44083.48046100,0
1682033040000,11.02720000,11.02720000,11.02120000,11.02170000,465.20000000,1682033099999,5127.85311500,18,8.38000000,92.36531100,0
1682033100000,11.02050000,11.02050000,11.01000000,11.01570000,888.94000000,1682033159999,9790.96330500,53,686.00000000,7556.00246700,0
1682033160000,11.01560000,11.01560000,11.00950000,11.00950000,31.89000000,1682033219999,351.16175900,8,30.96000000,340.92292400,0
1682033220000,11.00950000,11.01310000,11.00720000,11.01000000,384.65000000,1682033279999,4235.42705500,22,302.19000000,3327.35817500,0
1682033280000,11.00970000,11.01760000,11.00880000,11.00880000,521.02000000,1682033339999,5736.75611300,12,192.87000000,2123.57891600,0
1682033340000,11.00810000,11.01260000,11.00400000,11.00640000,2942.70000000,1682033399999,32390.51216900,56,1097.75000000,12083.88412700,0
1682033400000,11.00460000,11.00690000,10.99570000,10.99580000,1942.68000000,1682033459999,21371.34840100,65,858.92000000,9448.48216200,0
1682033460000,10.99570000,10.99570000,10.98350000,10.98930000,1584.47000000,1682033519999,17411.46906100,87,579.64000000,6369.78131200,0
1682033520000,10.98930000,11.00010000,10.98930000,11.00010000,6803.40000000,1682033579999,74802.44198300,53,6057.72000000,66607.17424300,0
1682033580000,11.00010000,11.00700000,10.99990000,11.00180000,1801.21000000,1682033639999,19815.91072900,52,1276.34000000,14040.27114000,0
1682033640000,11.00180000,11.01540000,11.00180000,11.01430000,411.16000000,1682033699999,4527.95332200,44,356.20000000,3922.82314000,0
1682033700000,11.01400000,11.01400000,11.00640000,11.00720000,893.93000000,1682033759999,9842.34373200,34,153.64000000,1691.78665300,0
1682033760000,11.00460000,11.01810000,11.00360000,11.01810000,338.92000000,1682033819999,3731.38671800,33,211.20000000,2325.73915300,0
1682033820000,11.01810000,11.03400000,11.01810000,11.03400000,1085.10000000,1682033879999,11964.37586600,68,1015.11000000,11192.27829600,0
1682033880000,11.03390000,11.03960000,11.03150000,11.03150000,616.81000000,1682033939999,6807.89501200,27,81.97000000,904.68071800,0
1682033940000,11.03040000,11.03480000,11.02520000,11.03480000,693.68000000,1682033999999,7650.77321200,21,522.40000000,5761.15699000,0
1682034000000,11.03630000,11.03630000,11.02920000,11.02920000,304.76000000,1682034059999,3361.70133800,8,85.04000000,937.93493400,0
1682034060000,11.02680000,11.02760000,11.02410000,11.02410000,725.15000000,1682034119999,7995.92483500,15,93.24000000,1027.90724500,0
1682034120000,11.02400000,11.04360000,11.02400000,11.04360000,685.96000000,1682034179999,7565.93247100,49,576.02000000,6352.66735100,0
1682034180000,11.04380000,11.04630000,11.02470000,11.02470000,1654.04000000,1682034239999,18251.70931700,45,103.87000000,1146.15448000,0
1682034240000,11.02410000,11.02410000,11.02210000,11.02210000,179.70000000,1682034299999,1981.01146400,17,160.82000000,1772.88676200,0
1682034300000,11.02110000,11.03620000,11.01760000,11.03620000,1492.80000000,1682034359999,16452.77658800,44,452.24000000,4986.13352600,0
1682034360000,11.03770000,11.04340000,11.02780000,11.04200000,3797.33000000,1682034419999,41898.90811100,54,1524.87000000,16820.85756300,0
1682034420000,11.03360000,11.03700000,11.03200000,11.03310000,968.40000000,1682034479999,10685.65070500,13,53.66000000,592.03614600,0
1682034480000,11.03360000,11.03360000,11.01890000,11.01890000,971.60000000,1682034539999,10714.68357900,31,96.84000000,1067.74839600,0
1682034540000,11.02780000,11.03240000,11.02340000,11.03240000,961.46000000,1682034599999,10603.39653300,23,813.92000000,8976.32756600,0
1682034600000,11.03440000,11.03670000,11.03080000,11.03080000,368.47000000,1682034659999,4065.57342000,14,99.89000000,1102.07194100,0
1682034660000,11.03040000,11.03890000,11.03030000,11.03890000,497.52000000,1682034719999,5490.59398800,19,432.72000000,4775.61443100,0
1682034720000,11.04010000,11.04740000,11.04010000,11.04740000,423.50000000,1682034779999,4676.87222000,23,284.84000000,3145.90605600,0
1682034780000,11.04800000,11.06400000,11.04800000,11.06390000,3326.15000000,1682034839999,36789.20324100,88,3080.52000000,34072.73258300,0
1682034840000,11.06480000,11.06480000,11.05550000,11.05630000,2259.25000000,1682034899999,24988.88220100,41,48.83000000,539.90096000,0
1682034900000,11.05440000,11.05820000,11.05100000,11.05100000,788.61000000,1682034959999,8717.54183700,25,480.89000000,5316.30618500,0
1682034960000,11.05380000,11.05380000,11.03220000,11.04600000,1791.54000000,1682035019999,19774.71319100,52,308.63000000,3408.49315300,0
1682035020000,11.03990000,11.05310000,11.03860000,11.05220000,2090.61000000,1682035079999,23096.80945900,58,1888.53000000,20864.34236700,0
1682035080000,11.04860000,11.04860000,11.03560000,11.04080000,2532.14000000,1682035139999,27961.31481700,57,557.13000000,6151.22126900,0
1682035140000,11.04090000,11.04090000,11.03460000,11.03530000,2322.25000000,1682035199999,25630.98321100,45,417.46000000,4607.20435200,0
