Open Time,Open,High,Low,Close,Volume,Close Time,Quote Asset Volume,Number of trades,Taker Buy Base Asset Volume,Taker Buy Quote Asset volume
1625788800000,1.04142000,1.04205000,1.03915000,1.04205000,158790.90000000,1625788859999,165213.36915600,267,80713.30000000,83966.63506100,0
1625788860000,1.04137000,1.04137000,1.03983000,1.04091000,48575.20000000,1625788919999,50546.32735400,86,28868.30000000,30038.84538900,0
1625788920000,1.04082000,1.04083000,1.03769000,1.03778000,29255.00000000,1625788979999,30384.78584700,112,8671.80000000,9005.68298300,0
1625788980000,1.03771000,1.03957000,1.03459000,1.03467000,159090.40000000,1625789039999,165080.87390900,314,64223.40000000,66655.48062400,0
1625789040000,1.03458000,1.03677000,1.03347000,1.03588000,132817.70000000,1625789099999,137522.51890400,253,69073.20000000,71531.39923700,0
1625789100000,1.03566000,1.03664000,1.03479000,1.03479000,52511.40000000,1625789159999,54384.52298700,125,20306.80000000,21037.08152300,0
1625789160000,1.03482000,1.03486000,1.03289000,1.03289000,133497.80000000,1625789219999,138044.51838600,186,65677.80000000,67911.66508000,0
1625789220000,1.03336000,1.03450000,1.03056000,1.03085000,197632.70000000,1625789279999,204141.31824000,356,121127.80000000,125138.70805700,0
1625789280000,1.03076000,1.03146000,1.02928000,1.02949000,88475.20000000,1625789339999,91127.22579000,313,41890.40000000,43143.44061600,0
1625789340000,1.02930000,1.03000000,1.02752000,1.02815000,284674.30000000,1625789399999,292825.53340300,403,92019.00000000,94637.89010200,0
1625789400000,1.02806000,1.02916000,1.02624000,1.02672000,221010.00000000,1625789459999,227092.89494500,363,102272.60000000,105092.65673600,0
1625789460000,1.02673000,1.02756000,1.02570000,1.02698000,107947.10000000,1625789519999,110821.02067000,258,63873.20000000,65573.37118200,0
1625789520000,1.02691000,1.02993000,1.02669000,1.02792000,144684.00000000,1625789579999,148768.52953400,261,71278.10000000,73283.48355900,0
1625789580000,1.02785000,1.03063000,1.02759000,1.02889000,57289.40000000,1625789639999,58982.35320500,122,38090.60000000,39210.75256700,0
1625789640000,1.02908000,1.03037000,1.02883000,1.03037000,26054.40000000,1625789699999,26817.77107000,66,14472.40000000,14896.18926200,0
1625789700000,1.03030000,1.03227000,1.02947000,1.03210000,72313.10000000,1625789759999,74548.11279300,149,25818.90000000,26613.56037600,0
1625789760000,1.03226000,1.03544000,1.03226000,1.03531000,97419.00000000,1625789819999,100723.88674800,204,48197.70000000,49827.35082400,0
1625789820000,1.03495000,1.03577000,1.03363000,1.03518000,44772.60000000,1625789879999,46334.43494100,151,19014.20000000,19673.00917300,0
1625789880000,1.03427000,1.03427000,1.03100000,1.03287000,109832.70000000,1625789939999,113424.78757400,190,68746.60000000,70993.74132800,0
1625789940000,1.03266000,1.03348000,1.02895000,1.02895000,76125.90000000,1625789999999,78474.04885600,158,17766.90000000,18324.92812800,0
1625790000000,1.02899000,1.03209000,1.02899000,1.03077000,76108.90000000,1625790059999,78474.32427100,140,64991.50000000,67012.22047100,0
1625790060000,1.03077000,1.03077000,1.02845000,1.02958000,44636.40000000,1625790119999,45963.87317200,104,24661.20000000,25398.27563900,0
1625790120000,1.02941000,1.02941000,1.02708000,1.02719000,59331.60000000,1625790179999,60996.82989700,133,22043.50000000,22662.48785600,0
1625790180000,1.02719000,1.02719000,1.02556000,1.02563000,99384.90000000,1625790239999,102032.50362400,171,46526.30000000,47770.10196000,0
1625790240000,1.02557000,1.02558000,1.02278000,1.02488000,159682.70000000,1625790299999,163509.45072100,368,54086.30000000,55396.72727200,0
1625790300000,1.02473000,1.02536000,1.02302000,1.02407000,107976.20000000,1625790359999,110590.76089100,142,41684.70000000,42696.17487400,0
1625790360000,1.02424000,1.02932000,1.02400000,1.02631000,108781.00000000,1625790419999,111668.80107700,227,71259.70000000,73112.35168600,0
1625790420000,1.02608000,1.02882000,1.02557000,1.02569000,44556.00000000,1625790479999,45759.21603900,121,14518.80000000,14913.26293900,0
1625790480000,1.02638000,1.02638000,1.02400000,1.02505000,60483.10000000,1625790539999,62004.46261400,108,37859.90000000,38817.12635000,0
1625790540000,1.02488000,1.02776000,1.02458000,1.02711000,39329.30000000,1625790599999,40365.22945200,70,38771.50000000,39792.98140100,0
1625790600000,1.02706000,1.02867000,1.02513000,1.02537000,53820.20000000,1625790659999,55290.86789000,111,26276.90000000,27005.39545100,0
1625790660000,1.02563000,1.02573000,1.02301000,1.02340000,82468.10000000,1625790719999,84473.47162900,151,32109.40000000,32876.43777900,0
1625790720000,1.02348000,1.02537000,1.02219000,1.02449000,103912.30000000,1625790779999,106389.62585600,225,70324.00000000,72006.34119600,0
1625790780000,1.02428000,1.02547000,1.02337000,1.02403000,34342.70000000,1625790839999,35178.19620200,100,18796.60000000,19259.30046900,0
1625790840000,1.02422000,1.02482000,1.02375000,1.02458000,27588.80000000,1625790899999,28260.11998900,80,18429.60000000,18878.22932000,0
1625790900000,1.02456000,1.02468000,1.02132000,1.02228000,71779.20000000,1625790959999,73380.66082200,175,10656.90000000,10896.79388600,0
1625790960000,1.02208000,1.02250000,1.02131000,1.02158000,31473.60000000,1625791019999,32159.73172000,71,12985.90000000,13273.06537400,0
1625791020000,1.02193000,1.02200000,1.01866000,1.01914000,340574.30000000,1625791079999,347362.25350100,569,57512.80000000,58658.60546300,0
1625791080000,1.01914000,1.02199000,1.01914000,1.02022000,114947.80000000,1625791139999,117250.76657100,173,72333.40000000,73757.48910000,0
1625791140000,1.02043000,1.02124000,1.02000000,1.02000000,48472.50000000,1625791199999,49474.19009500,89,28460.90000000,29048.78300500,0
1625791200000,1.02038000,1.02159000,1.01901000,1.01901000,56387.10000000,1625791259999,57547.38899000,120,34247.50000000,34965.12136700,0
1625791260000,1.01962000,1.01971000,1.01336000,1.01461000,533704.40000000,1625791319999,542049.77139000,1144,149486.10000000,151767.53372600,0
1625791320000,1.01472000,1.01624000,1.01364000,1.01404000,155998.50000000,1625791379999,158345.86753400,345,62585.20000000,63536.71096200,0
1625791380000,1.01440000,1.01598000,1.01398000,1.01489000,78818.30000000,1625791439999,79984.91147200,184,57094.10000000,57941.74855000,0
1625791440000,1.01491000,1.01499000,1.01255000,1.01353000,161459.30000000,1625791499999,163605.64201000,360,41462.80000000,42022.30245100,0
1625791500000,1.01406000,1.01598000,1.01316000,1.01598000,81590.20000000,1625791559999,82759.57381900,151,60213.70000000,61094.55162700,0
1625791560000,1.01597000,1.01841000,1.01520000,1.01798000,106533.10000000,1625791619999,108297.18143000,269,64029.70000000,65096.91704300,0
1625791620000,1.01803000,1.01882000,1.01598000,1.01771000,94040.20000000,1625791679999,95725.47116200,151,53559.40000000,54522.89119500,0
1625791680000,1.01767000,1.01786000,1.01300000,1.01340000,116731.60000000,1625791739999,118461.62686800,184,39094.40000000,39660.95874400,0
1625791740000,1.01350000,1.01398000,1.01168000,1.01168000,164162.30000000,1625791799999,166250.92718500,382,74380.30000000,75341.08797200,0
1625791800000,1.01221000,1.01250000,1.01077000,1.01140000,227703.00000000,1625791859999,230319.22301900,391,44814.00000000,45337.95246900,0
1625791860000,1.01100000,1.01200000,1.01086000,1.01146000,92666.40000000,1625791919999,93732.67518100,125,75817.10000000,76694.80274600,0
1625791920000,1.01129000,1.01187000,1.01100000,1.01134000,14804.00000000,1625791979999,14971.99635000,68,8883.30000000,8984.90572400,0
1625791980000,1.01154000,1.01184000,1.01134000,1.01171000,39063.80000000,1625792039999,39516.95107000,76,34729.90000000,35132.79219600,0
1625792040000,1.01171000,1.01185000,1.01002000,1.01002000,133077.20000000,1625792099999,134502.74283300,321,37483.60000000,37888.47385100,0
1625792100000,1.01019000,1.01094000,1.00733000,1.00916000,1252946.90000000,1625792159999,1264919.14222300,1708,320881.10000000,323860.70822000,0
1625792160000,1.00883000,1.01500000,1.00803000,1.01496000,172825.60000000,1625792219999,174743.24923000,489,137279.70000000,138816.96948800,0
1625792220000,1.01460000,1.01590000,1.01282000,1.01584000,98927.60000000,1625792279999,100356.61471000,241,62108.70000000,63025.72062800,0
1625792280000,1.01593000,1.01620000,1.01156000,1.01216000,90241.10000000,1625792339999,91498.63958100,181,43702.30000000,44317.82127100,0
1625792340000,1.01216000,1.01395000,1.01200000,1.01280000,75026.10000000,1625792399999,75987.06718300,133,32100.80000000,32510.94152100,0
1625792400000,1.01280000,1.01768000,1.01200000,1.01760000,118918.00000000,1625792459999,120692.27511000,282,64160.50000000,65161.28956100,0
1625792460000,1.01748000,1.01748000,1.01238000,1.01420000,279261.60000000,1625792519999,283283.43457600,358,94762.30000000,96105.02827400,0
1625792520000,1.01420000,1.01961000,1.01359000,1.01938000,142599.80000000,1625792579999,144957.60447500,338,84087.20000000,85442.51286900,0
1625792580000,1.01945000,1.02000000,1.01797000,1.01931000,83209.60000000,1625792639999,84788.26532800,158,28879.00000000,29427.50745700,0
1625792640000,1.01945000,1.01965000,1.01771000,1.01805000,56977.50000000,1625792699999,58028.01723500,133,24219.50000000,24666.38330600,0
1625792700000,1.01807000,1.01954000,1.01797000,1.01836000,32043.10000000,1625792759999,32647.70080800,108,10927.20000000,11131.40973800,0
1625792760000,1.01866000,1.01883000,1.01698000,1.01826000,60775.50000000,1625792819999,61864.45394500,101,47350.50000000,48202.35223300,0
1625792820000,1.01823000,1.01925000,1.01200000,1.01206000,214724.40000000,1625792879999,218121.95794700,348,56987.80000000,57922.54821500,0
1625792880000,1.01208000,1.01343000,1.01055000,1.01275000,192530.30000000,1625792939999,194815.24236300,362,99400.60000000,100591.44486700,0
1625792940000,1.01259000,1.01376000,1.01109000,1.01162000,132704.20000000,1625792999999,134331.95045500,214,80081.90000000,81063.72866500,0
1625793000000,1.01169000,1.01416000,1.01149000,1.01169000,106670.50000000,1625793059999,108044.60395900,166,67982.40000000,68878.89642600,0
1625793060000,1.01148000,1.01191000,1.00927000,1.00943000,99667.90000000,1625793119999,100701.30059100,252,39785.90000000,40192.87377700,0
1625793120000,1.00932000,1.00957000,1.00265000,1.00478000,742471.20000000,1625793179999,746155.27875400,1681,317794.00000000,319358.78770800,0
1625793180000,1.00452000,1.00590000,1.00400000,1.00496000,201756.60000000,1625793239999,202781.22012900,375,77084.90000000,77500.06860300,0
1625793240000,1.00488000,1.00605000,1.00412000,1.00562000,77112.70000000,1625793299999,77507.20509000,218,48855.10000000,49101.76416800,0
1625793300000,1.00553000,1.00960000,1.00553000,1.00960000,72286.10000000,1625793359999,72850.28497900,314,44118.70000000,44461.47223400,0
1625793360000,1.00950000,1.01192000,1.00950000,1.00984000,81529.40000000,1625793419999,82428.86423800,252,23835.40000000,24089.24074000,0
1625793420000,1.00984000,1.01274000,1.00975000,1.01219000,71568.60000000,1625793479999,72405.01812200,210,45873.10000000,46415.69900000,0
1625793480000,1.01216000,1.01245000,1.01004000,1.01170000,40343.20000000,1625793539999,40799.89723700,143,18675.70000000,18887.13225500,0
1625793540000,1.01176000,1.01483000,1.01129000,1.01387000,67968.70000000,1625793599999,68863.89616100,223,25871.10000000,26206.56521900,0
1625793600000,1.01398000,1.01565000,1.01348000,1.01348000,93237.00000000,1625793659999,94603.64361600,245,52627.70000000,53407.49916200,0
1625793660000,1.01356000,1.01396000,1.01189000,1.01396000,31973.90000000,1625793719999,32377.25603200,113,14440.40000000,14620.88784100,0
1625793720000,1.01400000,1.01500000,1.01379000,1.01487000,95261.10000000,1625793779999,96630.82799500,149,51945.60000000,52691.42994100,0
1625793780000,1.01474000,1.01622000,1.01404000,1.01593000,158414.60000000,1625793839999,160813.64363700,207,120138.30000000,121955.64888100,0
1625793840000,1.01604000,1.01809000,1.01537000,1.01542000,64869.60000000,1625793899999,65945.01711800,240,24116.10000000,24518.91169200,0
1625793900000,1.01535000,1.01720000,1.01473000,1.01713000,31131.10000000,1625793959999,31621.05644500,135,21429.60000000,21765.78602000,0
1625793960000,1.01721000,1.01771000,1.01633000,1.01663000,54436.30000000,1625794019999,55368.89178400,117,10440.70000000,10618.40004900,0
1625794020000,1.01656000,1.01864000,1.01656000,1.01803000,74786.30000000,1625794079999,76086.19136400,167,42087.50000000,42816.01497100,0
1625794080000,1.01825000,1.01866000,1.01700000,1.01719000,35660.20000000,1625794139999,36294.08627200,114,11716.80000000,11926.93766500,0
1625794140000,1.01693000,1.01788000,1.01561000,1.01565000,100900.70000000,1625794199999,102611.01102500,181,52648.90000000,53544.48302300,0
1625794200000,1.01539000,1.01866000,1.01539000,1.01866000,63427.20000000,1625794259999,64536.05624000,137,54588.50000000,55540.84855100,0
1625794260000,1.01865000,1.01975000,1.01724000,1.01919000,111286.10000000,1625794319999,113350.75044300,199,50068.00000000,50993.05179300,0
1625794320000,1.01947000,1.02000000,1.01875000,1.01952000,54156.10000000,1625794379999,55204.49497300,130,37711.80000000,38442.61581800,0
1625794380000,1.01919000,1.01975000,1.01868000,1.01920000,17766.80000000,1625794439999,18105.68529300,60,10889.40000000,11097.62674200,0
1625794440000,1.01912000,1.01953000,1.01711000,1.01746000,106642.10000000,1625794499999,108563.98732000,136,23250.30000000,23679.95165000,0
1625794500000,1.01742000,1.01751000,1.01635000,1.01684000,42723.60000000,1625794559999,43438.28465300,91,25301.60000000,25724.94034500,0
1625794560000,1.01695000,1.01804000,1.01596000,1.01596000,38415.00000000,1625794619999,39056.48901800,86,17839.30000000,18140.59527300,0
1625794620000,1.01600000,1.01600000,1.01490000,1.01599000,58261.60000000,1625794679999,59155.66683600,144,47742.10000000,48474.07896100,0
1625794680000,1.01600000,1.01700000,1.01450000,1.01450000,39245.60000000,1625794739999,39865.78173400,118,12802.80000000,13003.41692900,0
1625794740000,1.01438000,1.01490000,1.01297000,1.01307000,60861.00000000,1625794799999,61679.36703100,125,19750.30000000,20022.84178600,0
1625794800000,1.01313000,1.01313000,1.01124000,1.01237000,75130.00000000,1625794859999,76049.77985000,186,41334.60000000,41836.41446800,0
1625794860000,1.01191000,1.01223000,1.01001000,1.01088000,41356.50000000,1625794919999,41799.13026900,121,15172.50000000,15335.62950200,0
1625794920000,1.01092000,1.01337000,1.01092000,1.01337000,57127.80000000,1625794979999,57840.22579500,102,40185.50000000,40699.29349200,0
1625794980000,1.01305000,1.01454000,1.01301000,1.01353000,46570.40000000,1625795039999,47205.26842200,94,17902.20000000,18140.66520800,0
1625795040000,1.01351000,1.01351000,1.01200000,1.01268000,54539.50000000,1625795099999,55219.00177900,95,33072.00000000,33485.18153600,0
1625795100000,1.01232000,1.01246000,1.01042000,1.01201000,68542.20000000,1625795159999,69306.05232200,125,47586.50000000,48113.48350700,0
1625795160000,1.01209000,1.01209000,1.01001000,1.01008000,65730.80000000,1625795219999,66417.52752800,126,41815.70000000,42244.04856200,0
1625795220000,1.01007000,1.01031000,1.00844000,1.00921000,113564.40000000,1625795279999,114640.94217400,227,73128.00000000,73828.68781800,0
1625795280000,1.00902000,1.01098000,1.00902000,1.01082000,49659.80000000,1625795339999,50145.80263900,92,36932.00000000,37291.29600200,0
1625795340000,1.01064000,1.01432000,1.01064000,1.01363000,96371.40000000,1625795399999,97661.26034500,158,22747.50000000,23052.26066800,0
1625795400000,1.01360000,1.01710000,1.01360000,1.01642000,124103.10000000,1625795459999,126065.95044700,258,46876.50000000,47630.81978800,0
1625795460000,1.01650000,1.01814000,1.01558000,1.01809000,72374.70000000,1625795519999,73594.19305200,214,34579.00000000,35163.20482200,0
1625795520000,1.01817000,1.02021000,1.01817000,1.01930000,63498.00000000,1625795579999,64728.76676300,178,33960.80000000,34621.39189400,0
1625795580000,1.01885000,1.01946000,1.01775000,1.01779000,35408.10000000,1625795639999,36057.67301600,82,18781.30000000,19127.56684200,0
1625795640000,1.01774000,1.01959000,1.01754000,1.01815000,47945.10000000,1625795699999,48833.11602200,105,25750.30000000,26218.06902300,0
1625795700000,1.01861000,1.01917000,1.01677000,1.01879000,35320.30000000,1625795759999,35957.08407000,89,13097.80000000,13336.35858700,0
1625795760000,1.01881000,1.02089000,1.01856000,1.01856000,82814.60000000,1625795819999,84450.77245200,209,46519.30000000,47433.30408200,0
1625795820000,1.01856000,1.01955000,1.01728000,1.01823000,66676.70000000,1625795879999,67890.12385200,129,25665.10000000,26133.66858400,0
1625795880000,1.01820000,1.01820000,1.01675000,1.01701000,28147.40000000,1625795939999,28636.90643100,72,10558.20000000,10741.77883800,0
1625795940000,1.01705000,1.01885000,1.01652000,1.01843000,44289.70000000,1625795999999,45053.13866400,68,40167.70000000,40858.75439500,0
1625796000000,1.01896000,1.01946000,1.01620000,1.01629000,67354.10000000,1625796059999,68556.66591700,135,20609.40000000,20960.33862300,0
1625796060000,1.01617000,1.01771000,1.01524000,1.01771000,80564.70000000,1625796119999,81877.93523800,147,36429.60000000,37004.48177700,0
1625796120000,1.01724000,1.01724000,1.01603000,1.01683000,22731.80000000,1625796179999,23108.10746700,45,15239.10000000,15489.99990300,0
1625796180000,1.01675000,1.01675000,1.01600000,1.01640000,10884.80000000,1625796239999,11060.59283600,49,6202.20000000,6302.93971800,0
1625796240000,1.01620000,1.01689000,1.01526000,1.01616000,55488.40000000,1625796299999,56377.68363500,105,18010.20000000,18298.11240200,0
1625796300000,1.01615000,1.01618000,1.01458000,1.01458000,24318.50000000,1625796359999,24694.74970900,77,6334.10000000,6432.95230000,0
1625796360000,1.01456000,1.01734000,1.01428000,1.01734000,74859.90000000,1625796419999,75979.09126800,122,57059.30000000,57894.68738400,0
1625796420000,1.01740000,1.02070000,1.01698000,1.02022000,49551.20000000,1625796479999,50504.04904300,174,35126.20000000,35813.21749100,0
1625796480000,1.02025000,1.02053000,1.01940000,1.01990000,19676.20000000,1625796539999,20066.59576100,65,9799.10000000,9993.74596400,0
1625796540000,1.01985000,1.01990000,1.01800000,1.01870000,33193.50000000,1625796599999,33822.49781100,58,21625.10000000,22034.34637900,0
1625796600000,1.01881000,1.02352000,1.01846000,1.02184000,169716.40000000,1625796659999,173337.59737000,371,133653.80000000,136496.48746800,0
1625796660000,1.02216000,1.02230000,1.02105000,1.02136000,109801.70000000,1625796719999,112204.85385700,181,31069.90000000,31744.08420000,0
1625796720000,1.02143000,1.02293000,1.02136000,1.02269000,60769.90000000,1625796779999,62086.79789100,131,26273.90000000,26846.57988500,0
1625796780000,1.02269000,1.02291000,1.02162000,1.02213000,24686.40000000,1625796839999,25232.51778700,60,10270.70000000,10497.86928300,0
1625796840000,1.02200000,1.02397000,1.02200000,1.02321000,58761.60000000,1625796899999,60122.43870100,155,30978.90000000,31695.52913800,0
1625796900000,1.02321000,1.02526000,1.02269000,1.02439000,73686.80000000,1625796959999,75462.90479800,197,50377.80000000,51588.03367900,0
1625796960000,1.02394000,1.02549000,1.02268000,1.02268000,78908.80000000,1625797019999,80823.77821800,153,36985.70000000,37892.59108600,0
1625797020000,1.02281000,1.02445000,1.02279000,1.02384000,80308.70000000,1625797079999,82198.46011200,150,40719.30000000,41676.18858400,0
1625797080000,1.02366000,1.02481000,1.02272000,1.02371000,58696.00000000,1625797139999,60073.07108600,128,27213.70000000,27858.58304800,0
1625797140000,1.02358000,1.02379000,1.02262000,1.02327000,87687.20000000,1625797199999,89735.82322300,144,29211.60000000,29893.01029200,0
1625797200000,1.02311000,1.02320000,1.02139000,1.02241000,146243.00000000,1625797259999,149494.50454700,205,46820.50000000,47844.38253500,0
1625797260000,1.02259000,1.02306000,1.02150000,1.02306000,67002.60000000,1625797319999,68508.08273700,114,30261.00000000,30941.94942800,0
1625797320000,1.02282000,1.02447000,1.02258000,1.02337000,55512.20000000,1625797379999,56819.24659900,124,39990.80000000,40937.30497000,0
1625797380000,1.02403000,1.02507000,1.02305000,1.02502000,60132.30000000,1625797439999,61562.20588400,142,29189.70000000,29889.01984700,0
1625797440000,1.02520000,1.02892000,1.02493000,1.02727000,133825.70000000,1625797499999,137526.77787600,407,86181.00000000,88552.05068500,0
1625797500000,1.02738000,1.02837000,1.02666000,1.02746000,36845.90000000,1625797559999,37856.80047400,108,21810.80000000,22409.00998200,0
1625797560000,1.02730000,1.02960000,1.02711000,1.02906000,51244.20000000,1625797619999,52699.35593500,173,29047.60000000,29877.10654900,0
1625797620000,1.02899000,1.03248000,1.02824000,1.03131000,159640.10000000,1625797679999,164577.55308600,388,116873.80000000,120497.95434800,0
1625797680000,1.03096000,1.03110000,1.02863000,1.02965000,117532.30000000,1625797739999,120998.53407800,191,45149.30000000,46495.16263000,0
1625797740000,1.02973000,1.02994000,1.02700000,1.02723000,58324.60000000,1625797799999,59977.27061100,139,15014.60000000,15439.68688200,0
1625797800000,1.02723000,1.02739000,1.02404000,1.02661000,102353.90000000,1625797859999,104967.47301000,285,54502.00000000,55903.77839300,0
1625797860000,1.02585000,1.02585000,1.02358000,1.02395000,47809.50000000,1625797919999,48988.96523700,150,13111.30000000,13433.02541300,0
1625797920000,1.02358000,1.02388000,1.02322000,1.02344000,55111.70000000,1625797979999,56404.35640400,110,35906.90000000,36749.47264000,0
1625797980000,1.02330000,1.02516000,1.02264000,1.02375000,55834.30000000,1625798039999,57174.30107700,156,33408.60000000,34218.17703600,0
1625798040000,1.02329000,1.02379000,1.02221000,1.02348000,36342.60000000,1625798099999,37171.78296100,92,15600.60000000,15952.13449300,0
1625798100000,1.02343000,1.02434000,1.02265000,1.02393000,71338.70000000,1625798159999,73006.49530600,93,49652.20000000,50806.09967500,0
1625798160000,1.02371000,1.02436000,1.02328000,1.02385000,81897.10000000,1625798219999,83850.96286400,91,34891.50000000,35721.86110400,0
1625798220000,1.02402000,1.02451000,1.02332000,1.02437000,68949.70000000,1625798279999,70593.75880000,107,28093.00000000,28767.29707800,0
1625798280000,1.02431000,1.02675000,1.02407000,1.02616000,41845.40000000,1625798339999,42906.40276200,97,35232.50000000,36123.33005100,0
1625798340000,1.02609000,1.02849000,1.02609000,1.02768000,67865.50000000,1625798399999,69745.33759000,153,35365.20000000,36340.73436600,0
1625798400000,1.02775000,1.02875000,1.02700000,1.02713000,41465.40000000,1625798459999,42617.89973300,110,22813.20000000,23451.67978900,0
1625798460000,1.02746000,1.02746000,1.02467000,1.02573000,55758.10000000,1625798519999,57188.32312400,100,32159.00000000,32977.23917600,0
1625798520000,1.02602000,1.02607000,1.02482000,1.02597000,19552.20000000,1625798579999,20052.25461900,62,4588.30000000,4704.07185000,0
1625798580000,1.02572000,1.02794000,1.02572000,1.02784000,38328.80000000,1625798639999,39353.89807000,63,34888.50000000,35819.76402200,0
1625798640000,1.02761000,1.02804000,1.02617000,1.02631000,34354.10000000,1625798699999,35284.61702100,64,8003.80000000,8218.48424900,0
1625798700000,1.02625000,1.02642000,1.02471000,1.02560000,59824.60000000,1625798759999,61351.80147700,89,31242.40000000,32033.35431500,0
1625798760000,1.02564000,1.02769000,1.02484000,1.02746000,253264.50000000,1625798819999,260064.19766900,193,194264.80000000,199483.54326900,0
1625798820000,1.02750000,1.02820000,1.02623000,1.02663000,54797.80000000,1625798879999,56305.71809500,114,12229.30000000,12567.32861600,0
1625798880000,1.02646000,1.02768000,1.02513000,1.02735000,46632.40000000,1625798939999,47853.07343700,108,24699.60000000,25345.34301000,0
1625798940000,1.02728000,1.02891000,1.02713000,1.02835000,17167.50000000,1625798999999,17648.45655300,70,10443.10000000,10735.20303500,0
1625799000000,1.02834000,1.03100000,1.02788000,1.03000000,142772.50000000,1625799059999,146905.95022600,233,64026.20000000,65907.36802900,0
1625799060000,1.03028000,1.03106000,1.02822000,1.02822000,58849.10000000,1625799119999,60572.38842900,133,19929.20000000,20523.96687600,0
1625799120000,1.02817000,1.02895000,1.02742000,1.02800000,115526.40000000,1625799179999,118779.23990600,149,52112.20000000,53573.74131000,0
1625799180000,1.02799000,1.03016000,1.02799000,1.02961000,58797.80000000,1625799239999,60515.73632200,95,47112.30000000,48485.10900200,0
1625799240000,1.02921000,1.03000000,1.02820000,1.03000000,58254.50000000,1625799299999,59944.37743000,123,43090.40000000,44341.92810500,0
1625799300000,1.03000000,1.03257000,1.02959000,1.03188000,240181.80000000,1625799359999,247645.90885600,307,137686.80000000,141967.34442200,0
1625799360000,1.03203000,1.03315000,1.03074000,1.03184000,92201.90000000,1625799419999,95178.03180300,192,64469.80000000,66547.53164400,0
1625799420000,1.03177000,1.03305000,1.03107000,1.03283000,43977.90000000,1625799479999,45362.03928400,82,26027.10000000,26849.63766700,0
1625799480000,1.03264000,1.03305000,1.03160000,1.03178000,48899.40000000,1625799539999,50463.98401100,140,29175.10000000,30108.76766200,0
1625799540000,1.03176000,1.03371000,1.03171000,1.03251000,39594.00000000,1625799599999,40897.62427500,159,26569.30000000,27443.24877600,0
1625799600000,1.03246000,1.03264000,1.02979000,1.03102000,79948.60000000,1625799659999,82421.85013600,263,47671.40000000,49146.10834900,0
1625799660000,1.03102000,1.03371000,1.03035000,1.03368000,153077.40000000,1625799719999,157902.41308400,228,51331.90000000,52986.49362300,0
1625799720000,1.03346000,1.03435000,1.03268000,1.03398000,107851.50000000,1625799779999,111481.27363000,220,54216.10000000,56041.09297800,0
1625799780000,1.03389000,1.03560000,1.03301000,1.03481000,135742.30000000,1625799839999,140374.46806900,263,63934.70000000,66151.96029700,0
1625799840000,1.03518000,1.03706000,1.03478000,1.03636000,58192.30000000,1625799899999,60274.10674800,190,36126.90000000,37419.01129700,0
1625799900000,1.03646000,1.03670000,1.03525000,1.03632000,63107.10000000,1625799959999,65371.73663100,150,22593.10000000,23405.70727600,0
1625799960000,1.03663000,1.03663000,1.03550000,1.03550000,37428.20000000,1625800019999,38771.76819700,105,10529.70000000,10908.24785400,0
1625800020000,1.03543000,1.03645000,1.03541000,1.03612000,118301.50000000,1625800079999,122535.88865000,152,91820.30000000,95101.53047800,0
1625800080000,1.03570000,1.03600000,1.03437000,1.03505000,54490.50000000,1625800139999,56406.07712700,117,27109.60000000,28063.77409700,0
1625800140000,1.03518000,1.03641000,1.03518000,1.03548000,36724.60000000,1625800199999,38036.21099900,78,18300.30000000,18956.97374400,0
1625800200000,1.03544000,1.03544000,1.03174000,1.03225000,297084.50000000,1625800259999,307054.26380300,254,63366.60000000,65448.76588600,0
1625800260000,1.03205000,1.03302000,1.03190000,1.03238000,75543.60000000,1625800319999,77996.13683600,109,45850.90000000,47340.59727700,0
1625800320000,1.03244000,1.03443000,1.03244000,1.03419000,48789.00000000,1625800379999,50417.72035200,112,40011.40000000,41345.55166000,0
1625800380000,1.03419000,1.03486000,1.03350000,1.03385000,61554.10000000,1625800439999,63663.55523600,100,43416.30000000,44910.42096000,0
1625800440000,1.03378000,1.03500000,1.03378000,1.03499000,28826.40000000,1625800499999,29817.29073100,75,27130.10000000,28062.51696700,0
1625800500000,1.03500000,1.03559000,1.03350000,1.03422000,76265.70000000,1625800559999,78908.80932300,128,43514.30000000,45018.13358500,0
1625800560000,1.03422000,1.03480000,1.03357000,1.03433000,44266.80000000,1625800619999,45774.78793600,76,20917.90000000,21631.14684600,0
1625800620000,1.03426000,1.03500000,1.03404000,1.03410000,127666.10000000,1625800679999,132082.71336700,154,75388.60000000,77998.00030400,0
1625800680000,1.03425000,1.03500000,1.03421000,1.03496000,29481.80000000,1625800739999,30509.17686800,63,22718.20000000,23511.25435900,0
1625800740000,1.03500000,1.03614000,1.03499000,1.03612000,86353.30000000,1625800799999,89428.51182400,132,28137.10000000,29130.42583500,0
1625800800000,1.03608000,1.03608000,1.03445000,1.03479000,76554.50000000,1625800859999,79250.55925300,101,41667.20000000,43137.50120200,0
1625800860000,1.03495000,1.03533000,1.03463000,1.03515000,35222.10000000,1625800919999,36451.90637000,68,27585.00000000,28548.59510100,0
1625800920000,1.03518000,1.03609000,1.03494000,1.03550000,52397.50000000,1625800979999,54252.61368900,98,17031.80000000,17634.94551100,0
1625800980000,1.03538000,1.03780000,1.03538000,1.03767000,67341.50000000,1625801039999,69803.04901200,188,47082.10000000,48792.41461400,0
1625801040000,1.03781000,1.03782000,1.03612000,1.03652000,102921.10000000,1625801099999,106725.15589100,136,56009.20000000,58075.66501300,0
1625801100000,1.03650000,1.03659000,1.03468000,1.03528000,43084.30000000,1625801159999,44622.57527700,109,27733.40000000,28727.50050000,0
1625801160000,1.03532000,1.03592000,1.03478000,1.03574000,20855.20000000,1625801219999,21588.33723000,59,18480.40000000,19130.60092600,0
1625801220000,1.03574000,1.03671000,1.03538000,1.03585000,75381.40000000,1625801279999,78112.57508000,98,47650.80000000,49384.93285700,0
1625801280000,1.03593000,1.03790000,1.03592000,1.03725000,62992.40000000,1625801339999,65344.20867400,105,54854.50000000,56906.16030400,0
1625801340000,1.03725000,1.03857000,1.03702000,1.03839000,41577.50000000,1625801399999,43163.15620400,128,15191.10000000,15771.16921200,0
1625801400000,1.03823000,1.04100000,1.03578000,1.03579000,200783.00000000,1625801459999,208597.26341000,522,82470.70000000,85691.45551700,0
1625801460000,1.03578000,1.03705000,1.03490000,1.03491000,139878.20000000,1625801519999,144913.80114400,214,59891.60000000,62037.76399300,0
1625801520000,1.03489000,1.03546000,1.03480000,1.03480000,32976.30000000,1625801579999,34131.71203200,88,14833.20000000,15351.93624100,0
1625801580000,1.03479000,1.03534000,1.03447000,1.03522000,146263.70000000,1625801639999,151381.78576900,140,30875.30000000,31955.34388300,0
1625801640000,1.03523000,1.03546000,1.03450000,1.03504000,51462.90000000,1625801699999,53264.32481300,74,34129.40000000,35327.47535000,0
1625801700000,1.03520000,1.03663000,1.03519000,1.03558000,49946.20000000,1625801759999,51743.26243800,100,16998.00000000,17608.09444300,0
1625801760000,1.03572000,1.03695000,1.03545000,1.03620000,48393.30000000,1625801819999,50156.10249400,119,31298.10000000,32441.13660700,0
1625801820000,1.03624000,1.03793000,1.03609000,1.03793000,36015.20000000,1625801879999,37352.87112500,85,27867.10000000,28903.55937600,0
1625801880000,1.03798000,1.03826000,1.03703000,1.03817000,32599.30000000,1625801939999,33828.16497800,66,22472.50000000,23323.46937800,0
1625801940000,1.03813000,1.03813000,1.03624000,1.03677000,56214.50000000,1625801999999,58289.71499000,98,26208.50000000,27168.69394100,0
1625802000000,1.03655000,1.03771000,1.03647000,1.03768000,15460.50000000,1625802059999,16036.51280000,57,11478.60000000,11907.01957900,0
1625802060000,1.03771000,1.03771000,1.03524000,1.03582000,86260.20000000,1625802119999,89383.20035200,130,20765.50000000,21512.19036600,0
1625802120000,1.03555000,1.03680000,1.03555000,1.03620000,21736.80000000,1625802179999,22530.53707400,71,17381.70000000,18016.30212800,0
1625802180000,1.03608000,1.03621000,1.03503000,1.03508000,24532.10000000,1625802239999,25404.73910900,64,5839.30000000,6047.95223000,0
1625802240000,1.03522000,1.03614000,1.03459000,1.03459000,42132.70000000,1625802299999,43618.50932800,95,16784.20000000,17380.48207700,0
1625802300000,1.03467000,1.03484000,1.03340000,1.03350000,40206.80000000,1625802359999,41579.04480300,102,15753.30000000,16295.72315900,0
1625802360000,1.03342000,1.03342000,1.02982000,1.03037000,290837.80000000,1625802419999,299981.04400600,473,82232.80000000,84803.57501000,0
1625802420000,1.03044000,1.03160000,1.02876000,1.02899000,97614.90000000,1625802479999,100582.30998400,183,54370.90000000,56039.50775200,0
1625802480000,1.02883000,1.03058000,1.02883000,1.02944000,36764.40000000,1625802539999,37862.19517300,93,17506.80000000,18026.12803300,0
1625802540000,1.02947000,1.02985000,1.02740000,1.02906000,155249.00000000,1625802599999,159694.88612900,286,69787.20000000,71775.69373400,0
1625802600000,1.02930000,1.03127000,1.02930000,1.03127000,94532.80000000,1625802659999,97402.55303400,151,65718.20000000,67702.96790400,0
1625802660000,1.03117000,1.03303000,1.03075000,1.03153000,62463.50000000,1625802719999,64480.33675200,132,24368.90000000,25150.61570200,0
1625802720000,1.03135000,1.03378000,1.03104000,1.03378000,39574.70000000,1625802779999,40859.91547300,113,29493.90000000,30448.99166200,0
1625802780000,1.03380000,1.03595000,1.03380000,1.03439000,49819.20000000,1625802839999,51559.04821300,158,22469.20000000,23252.89305900,0
1625802840000,1.03462000,1.03539000,1.03428000,1.03489000,19126.20000000,1625802899999,19791.76247900,62,13893.10000000,14376.66741700,0
1625802900000,1.03465000,1.03635000,1.03465000,1.03608000,27008.70000000,1625802959999,27977.40652300,83,11798.10000000,12221.67282700,0
1625802960000,1.03609000,1.04139000,1.03562000,1.04125000,183883.60000000,1625803019999,191146.07403200,467,107638.10000000,111862.24354900,0
1625803020000,1.04128000,1.04184000,1.03803000,1.03863000,212640.20000000,1625803079999,221093.32149700,333,47745.50000000,49649.97096400,0
1625803080000,1.03876000,1.04000000,1.03715000,1.03819000,179352.40000000,1625803139999,186281.85096300,236,127378.60000000,132299.11796600,0
1625803140000,1.03809000,1.03831000,1.03681000,1.03750000,42706.70000000,1625803199999,44303.98557600,99,35626.10000000,36957.41215800,0
1625803200000,1.03748000,1.03865000,1.03477000,1.03513000,100415.50000000,1625803259999,104106.35913900,222,53507.10000000,55465.89004300,0
1625803260000,1.03517000,1.03720000,1.03517000,1.03671000,28578.00000000,1625803319999,29616.80128000,67,9511.40000000,9853.62732000,0
1625803320000,1.03696000,1.03769000,1.03624000,1.03760000,35863.40000000,1625803379999,37194.49984600,84,23367.80000000,24232.43849000,0
1625803380000,1.03739000,1.03800000,1.03621000,1.03657000,56079.00000000,1625803439999,58161.85012400,96,24758.00000000,25677.07932600,0
1625803440000,1.03677000,1.03889000,1.03677000,1.03880000,56413.30000000,1625803499999,58554.83729000,82,38020.30000000,39454.90727100,0
1625803500000,1.03875000,1.04098000,1.03857000,1.04098000,117175.00000000,1625803559999,121829.99950100,215,55687.20000000,57907.18431600,0
1625803560000,1.04083000,1.04446000,1.03982000,1.04421000,154288.40000000,1625803619999,160783.09890900,414,103789.40000000,108173.70787200,0
1625803620000,1.04380000,1.04439000,1.04285000,1.04312000,96714.40000000,1625803679999,100927.99444400,206,36457.10000000,38040.97899700,0
1625803680000,1.04328000,1.04387000,1.04047000,1.04144000,67504.10000000,1625803739999,70376.71484300,191,45176.70000000,47103.72561600,0
1625803740000,1.04134000,1.04287000,1.03973000,1.04268000,58126.50000000,1625803799999,60498.80860000,158,32697.40000000,34042.64882000,0
1625803800000,1.04240000,1.04427000,1.04211000,1.04263000,95564.10000000,1625803859999,99681.74320600,177,60000.00000000,62588.91921700,0
1625803860000,1.04290000,1.04383000,1.04150000,1.04150000,89905.40000000,1625803919999,93763.38221200,140,18340.50000000,19126.28159100,0
1625803920000,1.04150000,1.04284000,1.04100000,1.04101000,59593.70000000,1625803979999,62086.82141000,110,29932.00000000,31179.55356000,0
1625803980000,1.04104000,1.04292000,1.04104000,1.04258000,37784.00000000,1625804039999,39372.59476200,74,30650.00000000,31938.61160400,0
1625804040000,1.04278000,1.04389000,1.04262000,1.04380000,32580.50000000,1625804099999,33988.51166700,98,22395.30000000,23363.75563700,0
1625804100000,1.04363000,1.04657000,1.04363000,1.04560000,106061.70000000,1625804159999,110895.56707400,300,49111.60000000,51335.32234000,0
1625804160000,1.04527000,1.04747000,1.04519000,1.04654000,108912.80000000,1625804219999,113972.74546000,283,75793.00000000,79315.07321800,0
1625804220000,1.04661000,1.04725000,1.04570000,1.04587000,96886.00000000,1625804279999,101377.36051600,168,39650.60000000,41489.58477000,0
1625804280000,1.04626000,1.04636000,1.04462000,1.04615000,30030.30000000,1625804339999,31402.63560900,106,17280.80000000,18073.66948100,0
1625804340000,1.04600000,1.04617000,1.04351000,1.04392000,34124.60000000,1625804399999,35643.95775800,125,7421.70000000,7754.34344100,0
1625804400000,1.04421000,1.04579000,1.04402000,1.04460000,56368.10000000,1625804459999,58898.64835100,123,28809.50000000,30098.53001500,0
1625804460000,1.04494000,1.04559000,1.04443000,1.04559000,24563.60000000,1625804519999,25670.72423800,64,11134.00000000,11633.42637500,0
1625804520000,1.04505000,1.04592000,1.04486000,1.04486000,48161.60000000,1625804579999,50341.73004600,79,13272.00000000,13874.90607900,0
1625804580000,1.04508000,1.04695000,1.04484000,1.04554000,96939.40000000,1625804639999,101385.74984400,167,61976.50000000,64817.00398400,0
1625804640000,1.04558000,1.04700000,1.04414000,1.04700000,91276.00000000,1625804699999,95432.63149800,138,48865.70000000,51108.72255000,0
1625804700000,1.04682000,1.04699000,1.04451000,1.04462000,24891.50000000,1625804759999,26026.02950900,85,8928.40000000,9334.63206700,0
1625804760000,1.04477000,1.04503000,1.04403000,1.04446000,29133.90000000,1625804819999,30430.84030800,87,17036.00000000,17793.96146200,0
1625804820000,1.04418000,1.04488000,1.04322000,1.04366000,74381.60000000,1625804879999,77657.23946900,92,12382.30000000,12925.26729200,0
1625804880000,1.04386000,1.04442000,1.04353000,1.04400000,19493.10000000,1625804939999,20354.04480400,42,11742.70000000,12261.39546500,0
1625804940000,1.04401000,1.04444000,1.04301000,1.04325000,29778.40000000,1625804999999,31084.58512900,75,11723.00000000,12238.27833500,0
1625805000000,1.04324000,1.04365000,1.04076000,1.04151000,66228.30000000,1625805059999,69004.74128200,151,26241.20000000,27347.33778900,0
1625805060000,1.04153000,1.04168000,1.04000000,1.04099000,86889.80000000,1625805119999,90411.14865100,169,31171.50000000,32436.47137900,0
1625805120000,1.04093000,1.04250000,1.04039000,1.04073000,56023.40000000,1625805179999,58344.78568200,112,30389.60000000,31646.55441400,0
1625805180000,1.04056000,1.04200000,1.04038000,1.04143000,78961.50000000,1625805239999,82244.87476400,87,52724.00000000,54919.08971000,0
1625805240000,1.04158000,1.04340000,1.04045000,1.04134000,94879.90000000,1625805299999,98873.34974500,206,43323.10000000,45133.70231700,0
1625805300000,1.04131000,1.04176000,1.04084000,1.04164000,33823.00000000,1625805359999,35213.86808200,97,29191.30000000,30391.58246200,0
1625805360000,1.04159000,1.04159000,1.04024000,1.04080000,38120.50000000,1625805419999,39671.45751700,105,19010.90000000,19784.61349700,0
1625805420000,1.04097000,1.04097000,1.04013000,1.04013000,22821.80000000,1625805479999,23752.93373600,66,5205.80000000,5418.64830800,0
1625805480000,1.04013000,1.04193000,1.04010000,1.04192000,48267.40000000,1625805539999,50255.14513300,75,43601.10000000,45395.68948800,0
1625805540000,1.04193000,1.04200000,1.04090000,1.04155000,38379.90000000,1625805599999,39969.93871000,89,25020.10000000,26052.01573300,0
1625805600000,1.04157000,1.04221000,1.04113000,1.04178000,25994.00000000,1625805659999,27075.02841500,56,3927.20000000,4090.44387700,0
1625805660000,1.04200000,1.04324000,1.04032000,1.04124000,93866.40000000,1625805719999,97790.83472600,165,42157.90000000,43919.88281800,0
1625805720000,1.04125000,1.04155000,1.04095000,1.04110000,16198.90000000,1625805779999,16867.33873500,45,7297.80000000,7599.56974500,0
1625805780000,1.04110000,1.04323000,1.04093000,1.04238000,40173.90000000,1625805839999,41884.82184200,77,24306.20000000,25346.68747000,0
1625805840000,1.04239000,1.04324000,1.04210000,1.04324000,21960.30000000,1625805899999,22894.70315700,56,13288.10000000,13851.75975900,0
1625805900000,1.04323000,1.04491000,1.04323000,1.04348000,43470.50000000,1625805959999,45402.31800400,119,21414.70000000,22365.37066600,0
1625805960000,1.04332000,1.04370000,1.04147000,1.04147000,135991.20000000,1625806019999,141769.19242400,151,34420.00000000,35882.59348000,0
1625806020000,1.04185000,1.04371000,1.04182000,1.04351000,13641.40000000,1625806079999,14228.23763600,62,10546.00000000,11000.57097200,0
1625806080000,1.04351000,1.04377000,1.04253000,1.04358000,35298.60000000,1625806139999,36822.09497000,80,23336.50000000,24344.58802800,0
1625806140000,1.04370000,1.04400000,1.04257000,1.04337000,80598.60000000,1625806199999,84094.61329800,114,38792.60000000,40467.66653200,0
1625806200000,1.04327000,1.04389000,1.04271000,1.04330000,90976.40000000,1625806259999,94895.46500200,122,86564.90000000,90293.76760100,0
1625806260000,1.04330000,1.04494000,1.04315000,1.04490000,27626.80000000,1625806319999,28842.47741400,85,8284.50000000,8651.12045900,0
1625806320000,1.04494000,1.04700000,1.04494000,1.04689000,50922.40000000,1625806379999,53263.82723700,131,38007.90000000,39750.25290000,0
1625806380000,1.04679000,1.04775000,1.04586000,1.04683000,53844.50000000,1625806439999,56362.04260900,146,22163.10000000,23196.04713700,0
1625806440000,1.04657000,1.04999000,1.04632000,1.04989000,188269.90000000,1625806499999,197336.15993800,398,131101.50000000,137376.91118000,0
1625806500000,1.04997000,1.05045000,1.04849000,1.04956000,114025.30000000,1625806559999,119711.12085100,269,59972.10000000,62967.76369900,0
1625806560000,1.04944000,1.04965000,1.04793000,1.04793000,68712.70000000,1625806619999,72058.85960400,131,24702.40000000,25915.74218700,0
1625806620000,1.04793000,1.04829000,1.04670000,1.04780000,65877.00000000,1625806679999,68991.40423700,148,9840.50000000,10308.37194100,0
1625806680000,1.04802000,1.04822000,1.04700000,1.04711000,48419.70000000,1625806739999,50715.57520200,86,38656.00000000,40489.58652500,0
1625806740000,1.04701000,1.04708000,1.04524000,1.04553000,53634.10000000,1625806799999,56117.16535900,116,19894.80000000,20818.45798500,0
1625806800000,1.04571000,1.04778000,1.04547000,1.04777000,45841.30000000,1625806859999,47960.86887600,97,38139.90000000,39904.51647400,0
1625806860000,1.04776000,1.04958000,1.04776000,1.04928000,27717.00000000,1625806919999,29067.09294700,86,19825.20000000,20789.65152400,0
1625806920000,1.04928000,1.05082000,1.04928000,1.05082000,115474.80000000,1625806979999,121265.97687800,176,72303.20000000,75921.56863800,0
1625806980000,1.05082000,1.05152000,1.04928000,1.05070000,73918.10000000,1625807039999,77673.51373100,200,36977.40000000,38861.86954100,0
1625807040000,1.05055000,1.05055000,1.04963000,1.05055000,23584.10000000,1625807099999,24763.27693700,84,12278.60000000,12892.55684000,0
1625807100000,1.05050000,1.05074000,1.04936000,1.04936000,85832.30000000,1625807159999,90108.03816000,125,21299.80000000,22367.48280900,0
1625807160000,1.04944000,1.05086000,1.04932000,1.05004000,48012.40000000,1625807219999,50431.54949100,80,44305.20000000,46539.00329500,0
1625807220000,1.05024000,1.05051000,1.04881000,1.04933000,62974.40000000,1625807279999,66109.89611200,129,16488.50000000,17305.36430800,0
1625807280000,1.04945000,1.05009000,1.04935000,1.04972000,36000.30000000,1625807339999,37789.61551600,73,23645.20000000,24819.62654500,0
1625807340000,1.04972000,1.05059000,1.04916000,1.05019000,55444.70000000,1625807399999,58211.30354400,122,27506.90000000,28879.88286000,0
1625807400000,1.04999000,1.05273000,1.04991000,1.05241000,48101.30000000,1625807459999,50584.96768000,215,31657.10000000,33287.22203500,0
1625807460000,1.05248000,1.05266000,1.05150000,1.05158000,47888.80000000,1625807519999,50393.13664300,120,9875.90000000,10390.76302100,0
1625807520000,1.05158000,1.05300000,1.05158000,1.05300000,79621.50000000,1625807579999,83811.87687900,133,42556.30000000,44797.04446500,0
1625807580000,1.05299000,1.05300000,1.05066000,1.05100000,59040.90000000,1625807639999,62094.49512200,134,24925.70000000,26204.36432600,0
1625807640000,1.05115000,1.05212000,1.05102000,1.05200000,24826.70000000,1625807699999,26109.98894600,57,23062.00000000,24253.74138400,0
1625807700000,1.05204000,1.05300000,1.05200000,1.05239000,111834.20000000,1625807759999,117717.98173700,208,58698.60000000,61789.80858100,0
1625807760000,1.05217000,1.05284000,1.05019000,1.05121000,52029.00000000,1625807819999,54709.70268000,186,26388.80000000,27742.67505700,0
1625807820000,1.05112000,1.05589000,1.05088000,1.05557000,146528.90000000,1625807879999,154476.44876200,438,113873.20000000,120018.62857500,0
1625807880000,1.05540000,1.05673000,1.05240000,1.05438000,273375.90000000,1625807939999,288360.32457300,524,112531.10000000,118695.69247000,0
1625807940000,1.05404000,1.05404000,1.05173000,1.05184000,206287.90000000,1625807999999,217247.76924800,264,57056.60000000,60102.11392200,0
1625808000000,1.05184000,1.05370000,1.05182000,1.05335000,54151.70000000,1625808059999,57006.70042200,107,44580.70000000,46926.90676600,0
1625808060000,1.05373000,1.05390000,1.05311000,1.05344000,41477.40000000,1625808119999,43699.69225000,96,20513.40000000,21612.71016600,0
1625808120000,1.05334000,1.05348000,1.05265000,1.05268000,26588.30000000,1625808179999,28001.43434100,91,11057.40000000,11645.51536800,0
1625808180000,1.05297000,1.05336000,1.05238000,1.05320000,35300.70000000,1625808239999,37167.15202700,96,16994.40000000,17895.02154500,0
1625808240000,1.05320000,1.05356000,1.05227000,1.05232000,41365.80000000,1625808299999,43542.92302100,84,15144.50000000,15941.50196800,0
1625808300000,1.05244000,1.05272000,1.05088000,1.05113000,42401.40000000,1625808359999,44592.60831300,126,4500.10000000,4731.91147100,0
1625808360000,1.05135000,1.05163000,1.05080000,1.05092000,61248.70000000,1625808419999,64385.66497800,98,31121.30000000,32716.63464500,0
1625808420000,1.05080000,1.05090000,1.04937000,1.05027000,112563.40000000,1625808479999,118202.30848900,200,66851.10000000,70194.15345400,0
1625808480000,1.05025000,1.05126000,1.04941000,1.05038000,53473.30000000,1625808539999,56159.37549300,117,25850.90000000,27148.47056200,0
1625808540000,1.04997000,1.05131000,1.04997000,1.05098000,31759.40000000,1625808599999,33369.24043900,84,25119.80000000,26393.74251200,0
1625808600000,1.05099000,1.05153000,1.05028000,1.05073000,44158.20000000,1625808659999,46401.20334900,113,13402.50000000,14086.84718800,0
1625808660000,1.05057000,1.05300000,1.05057000,1.05294000,145237.70000000,1625808719999,152764.44844200,186,89754.60000000,94411.84399300,0
1625808720000,1.05300000,1.05471000,1.05211000,1.05431000,101295.70000000,1625808779999,106745.07777400,202,47254.90000000,49795.90564600,0
1625808780000,1.05436000,1.05618000,1.05409000,1.05438000,55144.60000000,1625808839999,58198.58805200,166,19206.40000000,20271.58388600,0
1625808840000,1.05439000,1.05498000,1.05310000,1.05442000,80582.70000000,1625808899999,84925.41431900,130,60389.90000000,63642.28023500,0
1625808900000,1.05442000,1.05507000,1.05397000,1.05400000,38786.90000000,1625808959999,40893.08907400,101,13809.20000000,14560.82079800,0
1625808960000,1.05398000,1.05504000,1.05397000,1.05440000,25983.20000000,1625809019999,27397.22733200,72,18176.80000000,19167.29897400,0
1625809020000,1.05437000,1.05500000,1.05433000,1.05461000,13297.80000000,1625809079999,14023.78122600,83,7493.80000000,7903.11954400,0
1625809080000,1.05483000,1.05596000,1.05411000,1.05475000,39802.60000000,1625809139999,41988.55154600,85,25355.90000000,26741.28407000,0
1625809140000,1.05481000,1.05541000,1.05427000,1.05451000,32791.40000000,1625809199999,34591.46205300,71,11258.20000000,11875.02773200,0
1625809200000,1.05458000,1.05458000,1.05165000,1.05212000,90488.50000000,1625809259999,95282.33573200,169,34718.20000000,36550.82122200,0
1625809260000,1.05247000,1.05344000,1.05126000,1.05204000,97715.70000000,1625809319999,102807.74426100,105,70133.80000000,73787.24157900,0
1625809320000,1.05237000,1.05289000,1.05174000,1.05209000,28266.80000000,1625809379999,29746.06107800,44,24736.90000000,26031.50182600,0
1625809380000,1.05244000,1.05289000,1.05207000,1.05270000,22761.60000000,1625809439999,23956.37721700,42,14795.00000000,15572.79193500,0
1625809440000,1.05270000,1.05339000,1.05236000,1.05282000,51764.90000000,1625809499999,54498.97793000,86,21848.50000000,23000.89909900,0
1625809500000,1.05264000,1.05264000,1.05066000,1.05081000,48136.70000000,1625809559999,50631.63169100,125,18663.00000000,19633.18397400,0
1625809560000,1.05062000,1.05149000,1.05050000,1.05066000,79240.10000000,1625809619999,83260.65620400,100,26333.70000000,27673.93875400,0
1625809620000,1.05066000,1.05208000,1.05028000,1.05067000,44557.60000000,1625809679999,46834.64586900,80,16264.80000000,17097.00087100,0
1625809680000,1.05083000,1.05149000,1.05017000,1.05017000,52187.30000000,1625809739999,54842.79885900,71,15176.20000000,15953.28865200,0
1625809740000,1.05027000,1.05090000,1.04618000,1.04732000,276173.80000000,1625809799999,289654.76768000,442,67844.20000000,71136.82608100,0
1625809800000,1.04732000,1.04896000,1.04693000,1.04847000,84719.50000000,1625809859999,88783.05777100,167,50642.50000000,53072.74157900,0
1625809860000,1.04843000,1.04957000,1.04800000,1.04843000,78549.80000000,1625809919999,82384.99404200,99,67294.40000000,70580.19357300,0
1625809920000,1.04846000,1.04921000,1.04652000,1.04719000,266267.30000000,1625809979999,278917.88339500,230,100400.50000000,105135.91383900,0
1625809980000,1.04703000,1.04709000,1.04175000,1.04351000,359762.40000000,1625810039999,375616.88226500,578,112611.20000000,117526.77826300,0
1625810040000,1.04379000,1.04542000,1.04320000,1.04540000,113896.20000000,1625810099999,118966.50858300,173,84489.60000000,88270.22382500,0
1625810100000,1.04542000,1.04542000,1.04382000,1.04423000,37938.90000000,1625810159999,39632.84226700,92,14125.00000000,14749.42890400,0
1625810160000,1.04473000,1.04493000,1.04289000,1.04306000,54398.80000000,1625810219999,56767.80421500,90,12860.30000000,13424.11556500,0
1625810220000,1.04289000,1.04487000,1.04201000,1.04423000,100829.60000000,1625810279999,105208.70912700,155,46393.80000000,48423.24127200,0
1625810280000,1.04407000,1.04412000,1.04302000,1.04365000,60043.10000000,1625810339999,62663.06907500,96,24686.00000000,25759.01519700,0
1625810340000,1.04362000,1.04375000,1.04236000,1.04272000,41871.30000000,1625810399999,43676.91099100,101,17590.80000000,18343.16556800,0
1625810400000,1.04301000,1.04313000,1.04108000,1.04199000,116243.30000000,1625810459999,121107.12687800,221,75762.40000000,78925.75963600,0
1625810460000,1.04189000,1.04199000,1.04009000,1.04091000,76274.60000000,1625810519999,79390.63905200,209,33156.60000000,34510.35231600,0
1625810520000,1.04076000,1.04189000,1.04027000,1.04159000,82565.30000000,1625810579999,85951.42492100,130,36998.40000000,38512.31101900,0
1625810580000,1.04159000,1.04168000,1.03639000,1.03853000,242956.80000000,1625810639999,252272.98447700,555,174314.20000000,180940.76523200,0
1625810640000,1.03882000,1.04017000,1.03797000,1.03929000,58403.20000000,1625810699999,60675.47304500,148,20040.50000000,20824.84634200,0
1625810700000,1.03894000,1.03929000,1.03713000,1.03851000,234847.40000000,1625810759999,243876.93785800,271,94055.50000000,97685.04767700,0
1625810760000,1.03851000,1.04133000,1.03851000,1.04119000,129719.30000000,1625810819999,134835.91408300,139,118764.70000000,123440.84916600,0
1625810820000,1.04130000,1.04174000,1.03961000,1.04072000,82146.90000000,1625810879999,85468.74358400,183,38354.80000000,39907.94944700,0
1625810880000,1.04072000,1.04262000,1.04072000,1.04248000,60006.80000000,1625810939999,62510.12238000,123,36232.00000000,37738.81432300,0
1625810940000,1.04225000,1.04259000,1.04076000,1.04161000,44578.60000000,1625810999999,46439.12823800,85,25002.40000000,26039.93649200,0
1625811000000,1.04138000,1.04264000,1.04138000,1.04202000,37225.80000000,1625811059999,38795.39140000,57,11231.10000000,11701.70831900,0
1625811060000,1.04201000,1.04285000,1.04157000,1.04261000,47456.90000000,1625811119999,49459.38222900,92,24370.10000000,25398.42515000,0
1625811120000,1.04251000,1.04286000,1.04128000,1.04187000,53423.50000000,1625811179999,55679.91004200,109,20288.70000000,21142.58379700,0
1625811180000,1.04208000,1.04208000,1.03998000,1.04000000,58647.00000000,1625811239999,61061.58117700,96,30285.90000000,31542.22605100,0
1625811240000,1.03988000,1.04055000,1.03680000,1.03755000,94194.80000000,1625811299999,97808.55883700,184,58047.40000000,60289.19818500,0
1625811300000,1.03782000,1.04117000,1.03727000,1.04058000,76034.60000000,1625811359999,79004.85383100,114,53029.00000000,55100.46122400,0
1625811360000,1.04058000,1.04063000,1.04000000,1.04058000,9953.90000000,1625811419999,10355.94255000,40,5363.60000000,5580.57872500,0
1625811420000,1.04060000,1.04188000,1.04060000,1.04108000,58690.30000000,1625811479999,61131.26251900,104,21085.20000000,21958.77990900,0
1625811480000,1.04092000,1.04092000,1.03933000,1.03969000,71624.30000000,1625811539999,74493.34730200,105,24830.90000000,25825.46866800,0
1625811540000,1.04036000,1.04124000,1.04003000,1.04079000,27813.60000000,1625811599999,28943.91828200,57,23579.00000000,24536.99622800,0
1625811600000,1.04064000,1.04094000,1.03845000,1.04019000,104075.80000000,1625811659999,108211.59333700,156,28569.00000000,29693.02076500,0
1625811660000,1.03970000,1.03970000,1.03771000,1.03889000,47309.40000000,1625811719999,49129.10767900,99,23140.50000000,24025.96440000,0
1625811720000,1.03934000,1.03999000,1.03911000,1.03956000,9640.40000000,1625811779999,10023.09142500,54,7257.90000000,7545.81595900,0
1625811780000,1.03920000,1.03920000,1.03738000,1.03826000,83736.20000000,1625811839999,86919.96373600,99,14318.90000000,14864.38502900,0
1625811840000,1.03824000,1.03888000,1.03782000,1.03820000,22380.20000000,1625811899999,23240.59780100,45,20472.20000000,21259.72212500,0
1625811900000,1.03831000,1.04000000,1.03831000,1.04000000,29471.80000000,1625811959999,30633.17233800,67,20126.70000000,20919.66561700,0
1625811960000,1.04000000,1.04014000,1.03792000,1.03827000,60945.90000000,1625812019999,63312.69181900,96,31736.00000000,32957.77615100,0
1625812020000,1.03825000,1.03825000,1.03700000,1.03740000,44168.40000000,1625812079999,45818.04420000,108,30970.90000000,32127.72014800,0
1625812080000,1.03710000,1.03710000,1.03385000,1.03437000,144950.90000000,1625812139999,150079.35294600,332,30052.20000000,31132.37935200,0
1625812140000,1.03466000,1.03563000,1.03426000,1.03452000,39600.30000000,1625812199999,40985.49556500,120,15371.60000000,15909.75763400,0
1625812200000,1.03426000,1.03725000,1.03410000,1.03628000,80560.30000000,1625812259999,83439.26788900,175,48106.90000000,49825.47849000,0
1625812260000,1.03628000,1.03724000,1.03610000,1.03667000,27282.70000000,1625812319999,28282.82336500,70,9356.00000000,9701.04513400,0
1625812320000,1.03635000,1.03863000,1.03635000,1.03814000,37412.70000000,1625812379999,38822.22880000,95,14888.00000000,15448.26944900,0
1625812380000,1.03780000,1.03917000,1.03752000,1.03854000,56339.60000000,1625812439999,58504.13637300,87,38752.40000000,40244.64006500,0
1625812440000,1.03831000,1.03831000,1.03638000,1.03656000,46954.00000000,1625812499999,48706.38118600,83,22277.60000000,23108.57412900,0
1625812500000,1.03639000,1.03743000,1.03626000,1.03669000,56864.30000000,1625812559999,58969.83064300,68,36346.10000000,37695.59725000,0
1625812560000,1.03673000,1.03682000,1.03522000,1.03608000,22499.30000000,1625812619999,23302.03651700,70,13311.80000000,13784.70386000,0
1625812620000,1.03609000,1.03662000,1.03271000,1.03366000,166589.50000000,1625812679999,172341.14769400,312,102838.70000000,106388.08533700,0
1625812680000,1.03336000,1.03500000,1.03314000,1.03447000,168439.10000000,1625812739999,174169.66313200,186,116024.00000000,119958.49077600,0
1625812740000,1.03384000,1.03412000,1.03313000,1.03330000,18202.80000000,1625812799999,18813.76854100,68,8464.60000000,8748.26845000,0
1625812800000,1.03327000,1.03586000,1.03313000,1.03543000,37024.50000000,1625812859999,38308.53510200,93,21665.40000000,22414.03131000,0
1625812860000,1.03568000,1.03568000,1.03416000,1.03485000,42843.50000000,1625812919999,44339.62497800,73,22568.90000000,23357.20911900,0
1625812920000,1.03491000,1.03598000,1.03449000,1.03459000,61978.50000000,1625812979999,64166.02940900,103,32884.60000000,34039.35769800,0
1625812980000,1.03457000,1.03526000,1.03449000,1.03498000,75215.40000000,1625813039999,77833.11011700,82,55119.20000000,57036.35921100,0
1625813040000,1.03489000,1.03575000,1.03466000,1.03544000,48319.80000000,1625813099999,50026.49809200,77,16989.50000000,17587.34177500,0
1625813100000,1.03533000,1.03554000,1.03419000,1.03554000,52572.90000000,1625813159999,54398.98585000,115,37999.10000000,39317.67074200,0
1625813160000,1.03540000,1.03785000,1.03531000,1.03723000,95266.10000000,1625813219999,98766.78802400,144,45746.40000000,47421.37682400,0
1625813220000,1.03724000,1.03822000,1.03648000,1.03712000,56374.40000000,1625813279999,58459.36732100,96,32760.10000000,33968.18896600,0
1625813280000,1.03710000,1.03947000,1.03710000,1.03947000,29838.10000000,1625813339999,30971.49695800,83,19406.90000000,20146.50572300,0
1625813340000,1.03935000,1.04059000,1.03907000,1.04020000,84439.20000000,1625813399999,87794.29800200,187,52312.50000000,54387.20002200,0
1625813400000,1.04013000,1.04293000,1.03971000,1.04217000,65000.70000000,1625813459999,67701.13618800,204,25692.20000000,26754.04267800,0
1625813460000,1.04232000,1.04295000,1.04141000,1.04241000,54670.00000000,1625813519999,56981.90239100,101,37435.30000000,39018.34532500,0
1625813520000,1.04239000,1.04285000,1.04065000,1.04065000,24487.40000000,1625813579999,25522.62888500,59,9588.10000000,9990.86293800,0
1625813580000,1.04074000,1.04164000,1.03987000,1.04151000,59428.60000000,1625813639999,61850.11371700,106,43080.40000000,44832.76377300,0
1625813640000,1.04158000,1.04237000,1.04074000,1.04074000,34010.50000000,1625813699999,35425.52848000,61,12166.20000000,12671.75428500,0
1625813700000,1.04063000,1.04063000,1.03807000,1.03814000,70747.90000000,1625813759999,73515.34961200,143,30840.70000000,32037.43578000,0
1625813760000,1.03815000,1.03994000,1.03815000,1.03840000,79700.60000000,1625813819999,82801.41274200,95,35030.30000000,36376.12393400,0
1625813820000,1.03840000,1.03905000,1.03805000,1.03818000,40100.50000000,1625813879999,41644.71536100,60,25690.00000000,26678.01628700,0
1625813880000,1.03816000,1.03863000,1.03811000,1.03832000,20671.40000000,1625813939999,21462.10708000,56,14581.20000000,15138.82161200,0
1625813940000,1.03826000,1.03834000,1.03672000,1.03729000,37210.20000000,1625813999999,38611.37600500,74,27674.30000000,28714.21267700,0
1625814000000,1.03736000,1.03839000,1.03650000,1.03770000,87536.00000000,1625814059999,90792.72361400,134,62143.20000000,64448.52552600,0
1625814060000,1.03792000,1.03792000,1.03419000,1.03514000,78851.60000000,1625814119999,81631.52117900,219,20863.00000000,21595.91891800,0
1625814120000,1.03500000,1.03578000,1.03418000,1.03542000,126894.70000000,1625814179999,131342.18698200,129,86413.60000000,89438.54261100,0
1625814180000,1.03558000,1.03863000,1.03556000,1.03839000,66777.50000000,1625814239999,69254.47063500,99,24505.10000000,25401.06303200,0
1625814240000,1.03858000,1.03863000,1.03694000,1.03718000,32618.20000000,1625814299999,33858.64421700,94,11384.30000000,11817.51925200,0
1625814300000,1.03719000,1.03816000,1.03603000,1.03603000,63208.60000000,1625814359999,65564.91586700,93,26976.60000000,27980.61878600,0
1625814360000,1.03650000,1.03783000,1.03627000,1.03712000,67907.90000000,1625814419999,70423.99660600,101,44787.90000000,46441.84941900,0
1625814420000,1.03702000,1.03776000,1.03691000,1.03759000,9924.40000000,1625814479999,10296.93420300,46,6747.50000000,7001.20886800,0
1625814480000,1.03765000,1.03775000,1.03557000,1.03633000,129416.60000000,1625814539999,134157.30514200,157,36241.60000000,37557.42054300,0
1625814540000,1.03618000,1.03681000,1.03579000,1.03596000,23476.50000000,1625814599999,24324.03964900,39,4397.80000000,4557.43073600,0
1625814600000,1.03612000,1.03612000,1.03337000,1.03341000,63780.80000000,1625814659999,65981.17025700,151,17171.20000000,17761.49668500,0
1625814660000,1.03338000,1.03468000,1.03338000,1.03439000,21727.80000000,1625814719999,22462.09037800,59,19398.50000000,20053.61318300,0
1625814720000,1.03463000,1.03463000,1.03304000,1.03304000,55912.30000000,1625814779999,57809.39033600,91,30844.70000000,31895.38040500,0
1625814780000,1.03317000,1.03349000,1.03283000,1.03283000,8598.80000000,1625814839999,8883.19013100,65,3485.50000000,3600.63081800,0
1625814840000,1.03284000,1.03289000,1.03222000,1.03222000,38443.10000000,1625814899999,39696.74238400,97,29433.80000000,30393.37357900,0
1625814900000,1.03249000,1.03424000,1.03203000,1.03393000,110269.70000000,1625814959999,113944.50419700,164,61878.90000000,63940.38483800,0
1625814960000,1.03424000,1.03648000,1.03424000,1.03648000,88156.30000000,1625815019999,91270.20709600,126,46597.70000000,48230.29287100,0
1625815020000,1.03628000,1.03628000,1.03445000,1.03445000,48490.00000000,1625815079999,50189.68915100,85,34682.80000000,35897.50593300,0
1625815080000,1.03445000,1.03560000,1.03300000,1.03525000,55453.50000000,1625815139999,57342.36538600,128,31153.00000000,32214.15928100,0
1625815140000,1.03521000,1.03521000,1.03271000,1.03394000,40133.40000000,1625815199999,41485.18705800,92,11292.90000000,11667.64429200,0
1625815200000,1.03394000,1.03644000,1.03394000,1.03588000,85530.40000000,1625815259999,88533.87471100,134,40441.10000000,41852.11787600,0
1625815260000,1.03587000,1.03587000,1.03498000,1.03573000,41192.90000000,1625815319999,42649.06946400,61,28304.60000000,29302.94559100,0
1625815320000,1.03573000,1.03715000,1.03573000,1.03700000,49173.30000000,1625815379999,50966.12260500,91,36370.50000000,37696.73502300,0
1625815380000,1.03700000,1.03736000,1.03567000,1.03695000,55882.40000000,1625815439999,57908.44719200,95,32090.30000000,33252.20488300,0
1625815440000,1.03649000,1.03649000,1.03530000,1.03642000,57142.90000000,1625815499999,59186.98406200,124,29707.70000000,30767.63903000,0
1625815500000,1.03614000,1.03727000,1.03564000,1.03564000,90295.00000000,1625815559999,93615.76731300,160,13813.10000000,14317.29744000,0
1625815560000,1.03554000,1.03925000,1.03554000,1.03899000,68320.70000000,1625815619999,70870.71847700,144,51748.10000000,53663.55141100,0
1625815620000,1.03889000,1.03982000,1.03785000,1.03850000,58799.50000000,1625815679999,61094.15883100,114,41470.50000000,43086.61552400,0
1625815680000,1.03839000,1.03978000,1.03839000,1.03931000,57639.00000000,1625815739999,59898.47585000,74,46463.10000000,48283.23736800,0
1625815740000,1.03933000,1.03995000,1.03888000,1.03921000,39721.10000000,1625815799999,41284.03499000,78,20670.00000000,21483.37441300,0
1625815800000,1.03919000,1.03919000,1.03740000,1.03771000,22045.50000000,1625815859999,22884.40088900,71,16051.70000000,16661.27050200,0
1625815860000,1.03755000,1.03755000,1.03590000,1.03639000,35191.80000000,1625815919999,36470.34544700,80,22654.90000000,23475.92521900,0
1625815920000,1.03620000,1.03703000,1.03457000,1.03468000,52107.00000000,1625815979999,53976.09052800,125,20148.60000000,20876.22523700,0
1625815980000,1.03497000,1.03587000,1.03335000,1.03499000,45066.40000000,1625816039999,46629.55553400,133,33119.20000000,34264.11670100,0
1625816040000,1.03538000,1.03570000,1.03395000,1.03458000,52699.10000000,1625816099999,54533.31035700,98,25043.50000000,25913.54058700,0
1625816100000,1.03472000,1.03643000,1.03463000,1.03629000,92856.50000000,1625816159999,96165.96766900,109,60455.80000000,62614.03319000,0
1625816160000,1.03645000,1.03767000,1.03600000,1.03717000,75725.30000000,1625816219999,78518.80092800,97,33626.20000000,34873.91471600,0
1625816220000,1.03718000,1.03785000,1.03687000,1.03784000,28851.60000000,1625816279999,29933.33926200,77,15459.70000000,16038.45456200,0
1625816280000,1.03767000,1.03767000,1.03562000,1.03577000,70279.70000000,1625816339999,72851.08212400,102,41385.00000000,42900.65655600,0
1625816340000,1.03589000,1.03637000,1.03464000,1.03637000,46219.10000000,1625816399999,47851.15232400,87,29619.80000000,30662.50998500,0
1625816400000,1.03627000,1.03841000,1.03627000,1.03841000,26499.40000000,1625816459999,27493.75790500,85,13986.40000000,14513.83369200,0
1625816460000,1.03844000,1.03900000,1.03710000,1.03869000,39112.60000000,1625816519999,40613.73901600,135,24742.90000000,25691.32291700,0
1625816520000,1.03848000,1.03941000,1.03768000,1.03910000,72939.40000000,1625816579999,75734.98684000,116,42320.20000000,43937.83739100,0
1625816580000,1.03892000,1.04180000,1.03892000,1.04169000,112539.70000000,1625816639999,117155.24200500,266,91322.30000000,95068.62724600,0
1625816640000,1.04178000,1.04399000,1.04178000,1.04353000,121091.90000000,1625816699999,126245.53895100,235,74803.20000000,77963.10224900,0
1625816700000,1.04348000,1.04387000,1.04114000,1.04148000,103670.40000000,1625816759999,108071.56979100,170,29475.70000000,30729.50692200,0
1625816760000,1.04141000,1.04141000,1.04038000,1.04038000,50731.80000000,1625816819999,52795.94210300,89,17528.60000000,18241.40838000,0
1625816820000,1.04038000,1.04198000,1.04009000,1.04060000,131517.90000000,1625816879999,136892.80530100,160,49349.70000000,51362.81946600,0
1625816880000,1.04090000,1.04220000,1.04061000,1.04186000,49946.20000000,1625816939999,52023.26726200,126,33123.20000000,34498.27818800,0
1625816940000,1.04168000,1.04316000,1.04155000,1.04257000,47359.40000000,1625816999999,49365.68211600,96,30162.30000000,31441.40943200,0
1625817000000,1.04281000,1.04281000,1.04032000,1.04165000,63686.10000000,1625817059999,66333.28336400,116,23190.90000000,24153.62368000,0
1625817060000,1.04131000,1.04194000,1.04085000,1.04108000,74982.30000000,1625817119999,78086.33590300,109,23422.20000000,24392.20546000,0
1625817120000,1.04086000,1.04094000,1.04019000,1.04063000,17893.70000000,1625817179999,18616.56230000,59,11646.20000000,12116.57862500,0
1625817180000,1.04065000,1.04234000,1.04011000,1.04227000,53220.20000000,1625817239999,55418.40507400,117,25031.10000000,26066.10612000,0
1625817240000,1.04225000,1.04225000,1.04001000,1.04025000,50481.00000000,1625817299999,52543.03846700,114,36047.00000000,37511.48599200,0
1625817300000,1.04020000,1.04089000,1.03947000,1.03983000,47057.80000000,1625817359999,48948.13117400,90,17403.40000000,18099.07118500,0
1625817360000,1.03981000,1.04010000,1.03857000,1.03963000,34385.20000000,1625817419999,35739.37274300,101,15277.40000000,15876.61997100,0
1625817420000,1.03941000,1.03943000,1.03859000,1.03943000,8278.30000000,1625817479999,8602.45518500,35,6140.60000000,6381.51287100,0
1625817480000,1.03907000,1.03956000,1.03891000,1.03934000,28205.50000000,1625817539999,29310.25549900,63,11967.20000000,12437.57487600,0
1625817540000,1.03925000,1.04459000,1.03888000,1.04459000,98360.90000000,1625817599999,102443.59913400,221,67435.10000000,70238.96313900,0
1625817600000,1.04423000,1.04454000,1.04302000,1.04316000,82618.80000000,1625817659999,86229.48772800,138,38242.20000000,39912.81089600,0
1625817660000,1.04324000,1.04366000,1.03870000,1.03871000,187890.80000000,1625817719999,195620.09835000,277,87595.30000000,91187.15659200,0
1625817720000,1.03871000,1.04079000,1.03752000,1.03840000,102968.70000000,1625817779999,106995.58597200,271,64987.30000000,67533.84446000,0
1625817780000,1.03862000,1.03972000,1.03750000,1.03854000,44836.40000000,1625817839999,46561.85331900,93,7636.00000000,7932.57139000,0
1625817840000,1.03873000,1.03889000,1.03748000,1.03813000,12414.50000000,1625817899999,12886.21124400,61,6433.70000000,6676.80281900,0
1625817900000,1.03802000,1.03813000,1.03682000,1.03766000,60832.30000000,1625817959999,63114.53351000,113,29171.90000000,30262.68262200,0
1625817960000,1.03750000,1.03880000,1.03450000,1.03488000,267643.00000000,1625818019999,277509.99532200,392,149583.00000000,155184.68435900,0
1625818020000,1.03460000,1.03561000,1.03313000,1.03487000,179106.00000000,1625818079999,185250.03924100,351,94027.30000000,97262.48154100,0
1625818080000,1.03487000,1.03509000,1.03311000,1.03509000,78180.60000000,1625818139999,80838.67623900,165,26362.60000000,27263.08599600,0
1625818140000,1.03443000,1.03627000,1.03443000,1.03490000,44842.40000000,1625818199999,46438.39485300,99,13663.80000000,14145.48246900,0
1625818200000,1.03490000,1.03542000,1.03365000,1.03494000,85608.90000000,1625818259999,88567.53915800,125,29579.20000000,30598.17254900,0
1625818260000,1.03499000,1.03674000,1.03451000,1.03458000,138876.70000000,1625818319999,143764.04915900,124,101840.00000000,105416.04682400,0
1625818320000,1.03457000,1.03471000,1.03338000,1.03471000,47693.20000000,1625818379999,49319.97769400,121,22202.00000000,22954.31371400,0
1625818380000,1.03470000,1.03470000,1.03247000,1.03254000,55636.90000000,1625818439999,57495.63665500,138,10787.60000000,11143.53030800,0
1625818440000,1.03252000,1.03393000,1.03151000,1.03153000,111632.30000000,1625818499999,115292.91274100,218,51853.70000000,53577.98833700,0
1625818500000,1.03151000,1.03152000,1.02619000,1.02709000,373586.90000000,1625818559999,384278.16212800,873,96250.20000000,98974.45012400,0
1625818560000,1.02712000,1.02821000,1.02542000,1.02549000,299431.40000000,1625818619999,307322.87935000,442,198297.00000000,203506.62759300,0
1625818620000,1.02602000,1.02602000,1.02358000,1.02496000,217015.10000000,1625818679999,222382.66512000,432,77310.50000000,79224.90462000,0
1625818680000,1.02503000,1.02789000,1.02455000,1.02571000,274568.60000000,1625818739999,281718.10552300,308,234367.30000000,240476.30139000,0
1625818740000,1.02564000,1.02698000,1.02500000,1.02612000,182177.80000000,1625818799999,186861.18157400,204,166949.30000000,171238.38437500,0
1625818800000,1.02615000,1.02645000,1.02542000,1.02566000,59695.10000000,1625818859999,61259.59606100,121,29538.80000000,30315.75465000,0
1625818860000,1.02566000,1.02685000,1.02540000,1.02642000,84120.20000000,1625818919999,86321.05181000,153,46024.30000000,47233.65164200,0
1625818920000,1.02642000,1.02772000,1.02604000,1.02658000,82560.30000000,1625818979999,84788.45328300,133,41368.10000000,42488.00452700,0
1625818980000,1.02652000,1.02724000,1.02611000,1.02676000,56158.30000000,1625819039999,57645.52510600,67,22385.70000000,22980.91203400,0
1625819040000,1.02687000,1.02700000,1.02607000,1.02683000,38033.20000000,1625819099999,39040.86262900,80,13553.00000000,13914.76418700,0
1625819100000,1.02683000,1.03138000,1.02683000,1.02814000,551448.40000000,1625819159999,567685.29143700,447,394079.50000000,405667.41649200,0
1625819160000,1.02855000,1.03034000,1.02814000,1.03034000,43439.50000000,1625819219999,44730.06067800,119,31509.80000000,32447.22644500,0
1625819220000,1.03068000,1.03079000,1.02833000,1.02851000,51568.00000000,1625819279999,53080.90649400,106,16414.50000000,16903.41344300,0
1625819280000,1.02846000,1.03123000,1.02836000,1.03099000,86779.50000000,1625819339999,89389.32693000,148,73174.10000000,75374.29072300,0
1625819340000,1.03086000,1.03099000,1.03011000,1.03028000,58428.60000000,1625819399999,60209.51808600,104,37659.10000000,38805.36086200,0
1625819400000,1.03022000,1.03187000,1.03012000,1.03184000,91848.30000000,1625819459999,94693.82942500,190,64288.90000000,66285.46779200,0
1625819460000,1.03185000,1.03225000,1.02949000,1.03017000,239014.30000000,1625819519999,246354.65437100,337,95490.40000000,98439.37352700,0
1625819520000,1.02972000,1.03018000,1.02861000,1.02925000,77658.50000000,1625819579999,79915.11999300,142,16401.20000000,16883.49977900,0
1625819580000,1.02924000,1.02962000,1.02801000,1.02876000,44629.30000000,1625819639999,45920.56869500,113,23666.40000000,24352.86030800,0
1625819640000,1.02877000,1.03115000,1.02862000,1.03062000,135694.10000000,1625819699999,139796.47149800,185,69801.50000000,71908.71266300,0
1625819700000,1.03061000,1.03062000,1.02915000,1.02950000,78187.00000000,1625819759999,80555.56070500,95,51896.20000000,53470.79186000,0
1625819760000,1.02938000,1.03061000,1.02938000,1.03052000,33891.10000000,1625819819999,34905.85957800,70,21317.50000000,21952.54102700,0
1625819820000,1.03061000,1.03173000,1.02993000,1.03012000,157421.00000000,1625819879999,162282.81808700,159,55265.80000000,56975.58994300,0
1625819880000,1.03010000,1.03074000,1.02767000,1.02775000,159053.50000000,1625819939999,163662.11621400,187,75332.70000000,77498.27140800,0
1625819940000,1.02780000,1.02877000,1.02688000,1.02714000,96110.80000000,1625819999999,98776.50927800,152,56142.80000000,57709.11983700,0
1625820000000,1.02669000,1.02765000,1.02619000,1.02738000,50167.30000000,1625820059999,51518.13229500,83,36186.60000000,37163.69662000,0
1625820060000,1.02738000,1.02870000,1.02721000,1.02721000,51025.80000000,1625820119999,52446.56414900,107,11607.60000000,11931.70314600,0
1625820120000,1.02720000,1.02727000,1.02585000,1.02662000,55404.60000000,1625820179999,56869.43628000,110,43700.20000000,44854.76554700,0
1625820180000,1.02679000,1.02702000,1.02569000,1.02702000,81418.70000000,1625820239999,83567.16637600,130,66531.70000000,68286.18883800,0
1625820240000,1.02668000,1.02696000,1.02589000,1.02589000,23447.20000000,1625820299999,24065.07342800,60,9676.20000000,9929.71161800,0
1625820300000,1.02589000,1.02651000,1.02542000,1.02651000,63374.10000000,1625820359999,65010.87939400,85,34064.50000000,34948.27125900,0
1625820360000,1.02676000,1.03037000,1.02676000,1.02960000,71852.20000000,1625820419999,73921.10910700,118,43057.00000000,44281.49043100,0
1625820420000,1.02948000,1.03025000,1.02820000,1.03008000,46702.50000000,1625820479999,48067.70907500,84,20238.60000000,20830.52483200,0
1625820480000,1.03055000,1.03240000,1.02986000,1.03153000,153374.40000000,1625820539999,158147.06191300,226,76827.10000000,79208.57336600,0
1625820540000,1.03163000,1.03199000,1.03094000,1.03175000,24581.60000000,1625820599999,25355.10033100,75,4965.00000000,5122.81778900,0
1625820600000,1.03174000,1.03174000,1.03023000,1.03029000,153616.20000000,1625820659999,158373.55856800,202,47335.80000000,48790.63882600,0
1625820660000,1.03028000,1.03066000,1.02994000,1.02994000,45893.20000000,1625820719999,47280.33349100,102,26424.60000000,27224.12531000,0
1625820720000,1.02993000,1.03085000,1.02871000,1.02883000,78671.70000000,1625820779999,81034.56998100,126,47480.80000000,48906.87147500,0
1625820780000,1.02871000,1.02875000,1.02737000,1.02838000,44388.30000000,1625820839999,45635.05390400,90,25544.60000000,26257.66074900,0
1625820840000,1.02842000,1.02963000,1.02751000,1.02963000,139934.90000000,1625820899999,143919.90873800,152,129877.00000000,133575.26896200,0
1625820900000,1.02977000,1.03170000,1.02977000,1.03015000,131227.40000000,1625820959999,135254.79473200,150,54321.60000000,56006.98876400,0
1625820960000,1.03013000,1.03035000,1.02711000,1.02711000,81785.50000000,1625821019999,84174.58046100,131,22604.00000000,23277.09092800,0
1625821020000,1.02711000,1.02851000,1.02700000,1.02704000,50345.40000000,1625821079999,51743.71843000,100,34417.00000000,35372.12387100,0
1625821080000,1.02721000,1.02849000,1.02690000,1.02829000,107917.70000000,1625821139999,110850.20236400,138,92557.60000000,95064.36697000,0
1625821140000,1.02791000,1.02892000,1.02729000,1.02755000,41357.60000000,1625821199999,42525.61044000,71,20100.60000000,20663.65985700,0
1625821200000,1.02744000,1.02868000,1.02668000,1.02868000,37235.00000000,1625821259999,38264.98853500,83,18776.70000000,19300.61634600,0
1625821260000,1.02864000,1.03037000,1.02795000,1.02918000,165444.50000000,1625821319999,170239.48145100,198,129528.10000000,133285.14882000,0
1625821320000,1.02903000,1.03080000,1.02703000,1.02769000,103099.60000000,1625821379999,106093.43815800,156,40087.90000000,41265.13477400,0
1625821380000,1.02752000,1.02851000,1.02624000,1.02657000,53224.70000000,1625821439999,54681.62671100,117,27429.80000000,28185.36990300,0
1625821440000,1.02646000,1.02801000,1.02623000,1.02755000,30057.60000000,1625821499999,30872.97547200,98,23200.90000000,23830.59615000,0
1625821500000,1.02760000,1.02795000,1.02683000,1.02733000,59948.80000000,1625821559999,61592.24341500,81,45914.00000000,47170.94695200,0
1625821560000,1.02783000,1.02881000,1.02767000,1.02881000,17077.40000000,1625821619999,17563.02273800,56,10291.60000000,10583.49574500,0
1625821620000,1.02881000,1.03037000,1.02881000,1.02928000,61007.70000000,1625821679999,62821.35866300,96,28238.30000000,29077.78115800,0
1625821680000,1.02945000,1.03150000,1.02939000,1.03150000,74066.10000000,1625821739999,76333.94990800,106,50211.70000000,51739.02287000,0
1625821740000,1.03150000,1.03276000,1.03149000,1.03275000,179305.10000000,1625821799999,185079.68630200,152,107675.00000000,111162.55523900,0
1625821800000,1.03232000,1.03501000,1.03232000,1.03458000,130204.00000000,1625821859999,134628.14166800,267,72518.80000000,74981.94498300,0
1625821860000,1.03473000,1.03506000,1.03353000,1.03460000,110749.10000000,1625821919999,114528.95187000,121,24417.10000000,25257.00238200,0
1625821920000,1.03492000,1.03551000,1.03411000,1.03528000,101888.20000000,1625821979999,105441.39480200,170,71444.30000000,73937.15533100,0
1625821980000,1.03538000,1.03551000,1.03365000,1.03400000,26448.50000000,1625822039999,27361.95457800,78,5766.30000000,5965.20114100,0
1625822040000,1.03400000,1.03429000,1.03291000,1.03412000,57977.30000000,1625822099999,59928.64591000,119,34573.30000000,35738.53922800,0
1625822100000,1.03420000,1.03474000,1.03198000,1.03205000,33532.70000000,1625822159999,34652.27698100,82,13123.70000000,13555.80781800,0
1625822160000,1.03211000,1.03293000,1.03193000,1.03247000,60979.40000000,1625822219999,62947.81059500,105,41576.80000000,42916.03722100,0
1625822220000,1.03253000,1.03263000,1.03067000,1.03090000,27531.40000000,1625822279999,28402.71141200,94,8911.50000000,9194.52133000,0
1625822280000,1.03090000,1.03228000,1.03088000,1.03088000,16187.90000000,1625822339999,16697.15776100,57,7363.90000000,7595.14398300,0
1625822340000,1.03066000,1.03121000,1.03036000,1.03111000,31082.30000000,1625822399999,32037.88307900,59,20057.10000000,20672.90983800,0
1625822400000,1.03147000,1.03406000,1.03147000,1.03357000,69836.40000000,1625822459999,72095.51037900,123,12536.90000000,12949.82844600,0
1625822460000,1.03386000,1.03515000,1.03385000,1.03463000,67343.80000000,1625822519999,69676.08610500,119,49698.70000000,51421.85851400,0
1625822520000,1.03514000,1.03522000,1.03436000,1.03522000,15169.60000000,1625822579999,15697.05775000,52,8120.20000000,8403.92122600,0
1625822580000,1.03525000,1.03670000,1.03525000,1.03669000,42539.30000000,1625822639999,44064.66467400,155,19914.40000000,20627.26937200,0
1625822640000,1.03670000,1.03670000,1.03462000,1.03492000,38862.40000000,1625822699999,40242.28068100,86,11320.80000000,11717.35507100,0
1625822700000,1.03496000,1.03798000,1.03492000,1.03737000,148788.50000000,1625822759999,154254.90192700,200,126848.10000000,131507.88263100,0
1625822760000,1.03729000,1.03884000,1.03729000,1.03767000,100954.90000000,1625822819999,104788.19660400,179,43144.00000000,44775.29180200,0
1625822820000,1.03799000,1.03804000,1.03670000,1.03735000,178737.30000000,1625822879999,185441.10189800,149,89495.40000000,92837.62854900,0
1625822880000,1.03742000,1.03998000,1.03742000,1.03998000,215818.00000000,1625822939999,224212.15604000,254,104512.90000000,108569.86449400,0
1625822940000,1.03955000,1.03957000,1.03823000,1.03858000,115078.80000000,1625822999999,119509.55956200,101,16450.70000000,17088.56361100,0
1625823000000,1.03881000,1.04277000,1.03856000,1.04112000,151953.60000000,1625823059999,158144.56744500,375,108854.00000000,113269.22022900,0
1625823060000,1.04113000,1.04274000,1.04113000,1.04150000,52030.20000000,1625823119999,54209.27006500,119,24041.40000000,25048.07990500,0
1625823120000,1.04150000,1.04315000,1.04055000,1.04275000,204047.80000000,1625823179999,212632.97564700,226,151102.80000000,157495.60049300,0
1625823180000,1.04284000,1.04284000,1.04049000,1.04056000,44597.90000000,1625823239999,46443.64718300,96,20845.00000000,21705.35367400,0
1625823240000,1.04082000,1.04103000,1.04031000,1.04071000,23213.20000000,1625823299999,24160.42475600,71,13680.00000000,14238.09045000,0
1625823300000,1.04074000,1.04074000,1.03841000,1.03845000,41658.20000000,1625823359999,43299.69019000,142,16064.80000000,16690.96638000,0
1625823360000,1.03841000,1.03884000,1.03737000,1.03737000,90599.50000000,1625823419999,94080.11343500,110,16600.50000000,17236.12796000,0
1625823420000,1.03724000,1.03731000,1.03471000,1.03478000,131296.60000000,1625823479999,135945.15842600,212,32705.90000000,33869.89618800,0
1625823480000,1.03486000,1.03629000,1.03431000,1.03458000,140113.80000000,1625823539999,145104.18216200,175,77514.20000000,80257.02128700,0
1625823540000,1.03461000,1.03625000,1.03442000,1.03478000,55420.10000000,1625823599999,57358.98941700,98,19300.30000000,19976.23508200,0
1625823600000,1.03476000,1.03495000,1.03450000,1.03478000,72451.90000000,1625823659999,74961.40987500,99,17812.80000000,18431.37268000,0
1625823660000,1.03485000,1.03485000,1.03269000,1.03303000,144013.00000000,1625823719999,148883.33422100,217,105945.30000000,109529.17560200,0
1625823720000,1.03289000,1.03626000,1.03269000,1.03502000,134731.20000000,1625823779999,139459.25662500,157,100040.70000000,103533.55102300,0
1625823780000,1.03500000,1.03715000,1.03495000,1.03677000,133521.80000000,1625823839999,138305.24791600,193,59490.30000000,61627.58569900,0
1625823840000,1.03672000,1.03744000,1.03653000,1.03686000,38465.30000000,1625823899999,39880.82281400,69,8094.70000000,8394.30715400,0
1625823900000,1.03723000,1.03866000,1.03706000,1.03776000,67358.80000000,1625823959999,69900.90941100,153,43394.20000000,45025.49424600,0
1625823960000,1.03802000,1.04078000,1.03782000,1.04078000,115487.10000000,1625824019999,120082.28284800,218,55870.50000000,58094.16107000,0
1625824020000,1.04078000,1.04212000,1.04078000,1.04150000,102908.90000000,1625824079999,107183.51767600,193,37987.70000000,39572.83384900,0
1625824080000,1.04133000,1.04145000,1.03962000,1.03983000,99916.40000000,1625824139999,103960.37714000,111,24541.40000000,25526.97029600,0
1625824140000,1.03979000,1.03995000,1.03850000,1.03874000,105550.60000000,1625824199999,109670.40235300,142,40488.50000000,42064.19256200,0
1625824200000,1.03829000,1.03829000,1.03584000,1.03725000,57907.20000000,1625824259999,60041.15301700,148,35909.20000000,37222.67170500,0
1625824260000,1.03710000,1.03713000,1.03588000,1.03647000,49851.90000000,1625824319999,51670.27673600,81,27136.10000000,28124.82761400,0
1625824320000,1.03647000,1.03793000,1.03632000,1.03634000,79230.90000000,1625824379999,82197.08630000,88,52861.60000000,54848.94301700,0
1625824380000,1.03634000,1.03901000,1.03634000,1.03869000,54251.10000000,1625824439999,56290.23058400,82,46375.70000000,48117.91504400,0
1625824440000,1.03871000,1.04000000,1.03871000,1.03955000,26458.30000000,1625824499999,27503.63220700,61,12804.80000000,13306.53385300,0
1625824500000,1.03992000,1.04027000,1.03753000,1.03853000,42043.70000000,1625824559999,43694.93860400,96,17175.40000000,17838.43986300,0
1625824560000,1.03815000,1.03954000,1.03786000,1.03925000,32207.50000000,1625824619999,33457.27062300,59,21148.20000000,21963.40838700,0
1625824620000,1.03933000,1.03953000,1.03825000,1.03943000,44183.30000000,1625824679999,45900.36755800,70,12377.70000000,12860.15946900,0
1625824680000,1.03947000,1.03958000,1.03731000,1.03736000,52529.70000000,1625824739999,54532.51258900,90,31079.50000000,32254.41441500,0
1625824740000,1.03734000,1.03760000,1.03684000,1.03726000,7486.20000000,1625824799999,7765.55472500,40,6074.40000000,6301.14417900,0
1625824800000,1.03724000,1.03992000,1.03690000,1.03965000,30137.60000000,1625824859999,31276.56865600,95,23492.70000000,24382.24256900,0
1625824860000,1.03982000,1.03982000,1.03904000,1.03937000,7697.70000000,1625824919999,8000.60790700,59,4663.70000000,4847.03638000,0
1625824920000,1.03937000,1.04181000,1.03937000,1.04137000,67751.70000000,1625824979999,70529.36013700,120,21899.50000000,22794.12646800,0
1625824980000,1.04142000,1.04156000,1.03992000,1.04056000,56768.60000000,1625825039999,59082.56274700,97,16306.60000000,16973.20312800,0
1625825040000,1.04034000,1.04034000,1.03918000,1.04022000,170151.40000000,1625825099999,176926.28388700,129,20316.90000000,21124.07304900,0
1625825100000,1.04020000,1.04240000,1.03927000,1.04198000,165862.70000000,1625825159999,172611.74748400,207,83023.10000000,86430.06401500,0
1625825160000,1.04206000,1.04337000,1.04185000,1.04292000,141508.60000000,1625825219999,147565.59806300,169,88198.80000000,91965.50251000,0
1625825220000,1.04299000,1.04299000,1.03853000,1.03902000,113175.20000000,1625825279999,117747.49312900,163,67697.20000000,70430.95424400,0
1625825280000,1.03906000,1.03934000,1.03761000,1.03761000,42711.00000000,1625825339999,44355.09471500,82,28995.80000000,30113.80937000,0
1625825340000,1.03761000,1.03761000,1.03463000,1.03572000,129252.90000000,1625825399999,133845.81445100,258,36159.70000000,37451.87448400,0
1625825400000,1.03565000,1.03693000,1.03554000,1.03554000,28318.00000000,1625825459999,29345.27408300,90,18177.80000000,18836.95502300,0
1625825460000,1.03555000,1.04004000,1.03400000,1.03803000,314414.20000000,1625825519999,325995.13218300,412,181711.10000000,188391.47670800,0
1625825520000,1.03792000,1.03818000,1.03602000,1.03769000,102555.30000000,1625825579999,106368.50773900,169,65687.80000000,68145.32973100,0
1625825580000,1.03759000,1.03888000,1.03748000,1.03885000,49833.80000000,1625825639999,51741.47781900,69,40767.90000000,42331.52990500,0
1625825640000,1.03921000,1.03973000,1.03888000,1.03927000,25266.80000000,1625825699999,26264.63525500,55,1857.40000000,1930.60690600,0
1625825700000,1.03889000,1.04025000,1.03877000,1.04025000,72846.10000000,1625825759999,75730.70544900,110,49321.00000000,51279.15036600,0
1625825760000,1.04024000,1.04177000,1.04000000,1.04161000,26572.60000000,1625825819999,27659.46888200,104,5512.50000000,5738.83556000,0
1625825820000,1.04135000,1.04285000,1.04122000,1.04229000,50845.30000000,1625825879999,52985.90566100,98,18935.60000000,19740.13983500,0
1625825880000,1.04176000,1.04196000,1.04113000,1.04126000,36718.10000000,1625825939999,38245.06364800,62,22217.80000000,23143.79279400,0
1625825940000,1.04126000,1.04153000,1.03838000,1.03863000,51887.90000000,1625825999999,53955.28531800,114,12450.70000000,12944.43933600,0
1625826000000,1.03808000,1.04045000,1.03808000,1.04045000,26855.60000000,1625826059999,27914.55142300,66,12061.80000000,12536.21972900,0
1625826060000,1.04046000,1.04066000,1.03949000,1.03962000,45125.20000000,1625826119999,46937.30105900,80,12011.70000000,12493.81533100,0
1625826120000,1.03948000,1.04020000,1.03907000,1.03967000,37985.10000000,1625826179999,39489.10355000,51,21280.40000000,22122.96973600,0
1625826180000,1.03965000,1.04029000,1.03965000,1.04003000,16971.60000000,1625826239999,17651.09202400,46,12377.90000000,12872.66662000,0
1625826240000,1.04000000,1.04074000,1.03980000,1.04022000,75980.50000000,1625826299999,79033.55800300,92,32871.70000000,34190.30867800,0
1625826300000,1.04016000,1.04077000,1.03901000,1.04018000,75598.40000000,1625826359999,78613.03347900,110,25091.30000000,26086.73712300,0
1625826360000,1.04017000,1.04038000,1.03863000,1.03934000,48338.80000000,1625826419999,50243.23662700,77,36785.90000000,38231.33164000,0
1625826420000,1.03928000,1.03941000,1.03700000,1.03758000,66776.30000000,1625826479999,69325.89339800,116,33251.50000000,34502.76752000,0
1625826480000,1.03772000,1.03910000,1.03698000,1.03718000,87034.60000000,1625826539999,90315.44594600,86,33041.40000000,34298.24276000,0
1625826540000,1.03742000,1.03779000,1.03669000,1.03770000,22971.80000000,1625826599999,23830.10563600,48,16750.30000000,17377.45211800,0
1625826600000,1.03774000,1.03920000,1.03588000,1.03611000,38208.20000000,1625826659999,39644.77198000,103,20341.40000000,21100.05282300,0
1625826660000,1.03598000,1.03629000,1.03571000,1.03613000,21894.30000000,1625826719999,22683.70976000,52,12030.20000000,12463.39872900,0
1625826720000,1.03625000,1.03637000,1.03497000,1.03497000,98735.60000000,1625826779999,102256.60350300,145,14166.80000000,14675.31740000,0
1625826780000,1.03498000,1.03638000,1.03498000,1.03594000,45145.30000000,1625826839999,46762.80053000,59,32209.10000000,33360.14205600,0
1625826840000,1.03582000,1.03582000,1.03459000,1.03476000,17733.20000000,1625826899999,18351.74930300,62,10860.10000000,11239.26337300,0
1625826900000,1.03495000,1.03514000,1.03323000,1.03390000,49464.70000000,1625826959999,51152.68355700,151,25092.20000000,25946.85460100,0
1625826960000,1.03397000,1.03449000,1.03272000,1.03449000,46636.50000000,1625827019999,48188.32024400,86,17396.40000000,17982.38390100,0
1625827020000,1.03449000,1.03718000,1.03449000,1.03693000,35413.30000000,1625827079999,36685.33120200,99,25660.60000000,26581.76450800,0
1625827080000,1.03709000,1.03939000,1.03709000,1.03740000,100982.80000000,1625827139999,104827.21362200,140,27246.80000000,28284.59907700,0
1625827140000,1.03705000,1.03707000,1.03430000,1.03499000,44857.20000000,1625827199999,46431.25054700,113,33648.10000000,34829.19091000,0
1625827200000,1.03535000,1.03621000,1.03535000,1.03577000,49514.40000000,1625827259999,51281.02179200,76,35414.70000000,36675.45164500,0
1625827260000,1.03561000,1.03594000,1.03427000,1.03434000,34264.70000000,1625827319999,35469.68558800,64,12319.10000000,12751.65064000,0
1625827320000,1.03434000,1.03434000,1.03373000,1.03410000,13052.40000000,1625827379999,13494.97654700,52,10816.90000000,11183.60123200,0
1625827380000,1.03404000,1.03428000,1.03347000,1.03347000,17916.60000000,1625827439999,18521.54161000,38,6019.00000000,6222.24020800,0
1625827440000,1.03354000,1.03582000,1.03354000,1.03375000,29830.70000000,1625827499999,30869.03250300,86,15554.30000000,16095.38508100,0
1625827500000,1.03352000,1.03352000,1.03074000,1.03098000,190652.40000000,1625827559999,196649.94314400,240,29118.80000000,30041.61082100,0
1625827560000,1.03123000,1.03233000,1.03081000,1.03192000,40150.60000000,1625827619999,41418.57384300,82,29558.40000000,30493.45427700,0
1625827620000,1.03180000,1.03433000,1.03180000,1.03267000,84953.70000000,1625827679999,87757.79605700,123,24540.90000000,25346.59459400,0
1625827680000,1.03267000,1.03435000,1.03211000,1.03435000,54478.00000000,1625827739999,56300.16556700,51,22000.60000000,22735.93662000,0
1625827740000,1.03441000,1.03485000,1.03246000,1.03252000,14202.40000000,1625827799999,14678.67866900,58,4226.60000000,4366.84631700,0
1625827800000,1.03231000,1.03425000,1.03231000,1.03389000,33028.10000000,1625827859999,34133.36338700,54,16963.40000000,17529.89561600,0
1625827860000,1.03410000,1.03556000,1.03404000,1.03539000,16641.40000000,1625827919999,17221.19809800,53,8957.70000000,9271.92311100,0
1625827920000,1.03539000,1.03648000,1.03433000,1.03479000,51636.80000000,1625827979999,53491.64831400,88,33697.20000000,34908.25244700,0
1625827980000,1.03455000,1.03468000,1.03326000,1.03468000,45150.70000000,1625828039999,46674.58545800,89,33867.00000000,35010.57186200,0
1625828040000,1.03466000,1.03561000,1.03443000,1.03559000,7212.30000000,1625828099999,7466.36290000,38,2037.50000000,2109.20865600,0
1625828100000,1.03526000,1.03526000,1.03359000,1.03371000,31929.70000000,1625828159999,33035.85574000,69,15160.30000000,15686.92980000,0
1625828160000,1.03370000,1.03479000,1.03300000,1.03417000,103516.60000000,1625828219999,107006.18075800,93,94264.10000000,97439.41017600,0
1625828220000,1.03420000,1.03479000,1.03356000,1.03479000,8362.80000000,1625828279999,8649.21556600,36,5909.30000000,6111.64308800,0
1625828280000,1.03459000,1.03558000,1.03441000,1.03491000,20244.80000000,1625828339999,20954.44334100,56,5003.90000000,5179.24005200,0
1625828340000,1.03478000,1.03642000,1.03467000,1.03570000,65241.20000000,1625828399999,67569.42893400,123,37036.00000000,38363.99815900,0
1625828400000,1.03550000,1.03641000,1.03362000,1.03500000,75287.10000000,1625828459999,77893.35143200,159,38450.00000000,39765.52441100,0
1625828460000,1.03500000,1.03560000,1.03475000,1.03479000,31144.10000000,1625828519999,32239.64529000,70,10986.40000000,11373.76476100,0
1625828520000,1.03454000,1.03519000,1.03378000,1.03407000,46824.70000000,1625828579999,48429.54278600,77,15383.10000000,15907.10965300,0
1625828580000,1.03408000,1.03488000,1.03173000,1.03256000,55392.60000000,1625828639999,57212.17689500,126,29188.80000000,30146.77332000,0
1625828640000,1.03285000,1.03382000,1.02820000,1.03012000,159308.10000000,1625828699999,164122.82225300,361,24416.90000000,25171.90799600,0
1625828700000,1.03041000,1.03110000,1.02973000,1.03054000,48283.40000000,1625828759999,49739.53105800,93,29854.40000000,30749.50490400,0
1625828760000,1.03052000,1.03115000,1.02897000,1.03075000,53778.50000000,1625828819999,55390.46655200,99,28555.00000000,29412.74604400,0
1625828820000,1.03081000,1.03227000,1.02960000,1.02960000,57337.00000000,1625828879999,59111.52531100,102,26361.40000000,27179.70918400,0
1625828880000,1.02944000,1.02944000,1.02750000,1.02758000,74805.30000000,1625828939999,76928.95373800,164,26863.40000000,27624.00200500,0
1625828940000,1.02746000,1.02890000,1.02629000,1.02677000,61702.30000000,1625828999999,63394.13702100,169,24518.50000000,25187.37501300,0
1625829000000,1.02678000,1.02989000,1.02673000,1.02987000,59150.90000000,1625829059999,60819.25509400,121,51268.20000000,52713.39426800,0
1625829060000,1.02917000,1.03033000,1.02823000,1.03016000,27905.50000000,1625829119999,28719.45520100,63,6070.60000000,6248.40002400,0
1625829120000,1.03024000,1.03170000,1.02978000,1.03166000,22829.40000000,1625829179999,23532.41686700,66,8200.20000000,8452.43912100,0
1625829180000,1.03156000,1.03401000,1.03084000,1.03368000,191824.80000000,1625829239999,197944.58453700,201,169738.10000000,175151.19465800,0
1625829240000,1.03357000,1.03364000,1.03148000,1.03171000,57767.10000000,1625829299999,59664.77730200,72,1549.00000000,1598.51166800,0
1625829300000,1.03166000,1.03220000,1.03096000,1.03174000,41204.90000000,1625829359999,42495.47654700,85,22958.80000000,23675.54563600,0
1625829360000,1.03159000,1.03382000,1.03159000,1.03272000,36661.30000000,1625829419999,37853.87060600,75,32733.10000000,33798.34296400,0
1625829420000,1.03272000,1.03326000,1.03116000,1.03145000,49962.30000000,1625829479999,51576.63036300,95,28965.90000000,29904.62094800,0
1625829480000,1.03133000,1.03170000,1.02860000,1.02864000,39777.90000000,1625829539999,40972.69923300,100,13394.90000000,13799.59325200,0
1625829540000,1.02864000,1.03060000,1.02860000,1.02954000,51993.80000000,1625829599999,53508.68411100,71,46035.50000000,47372.97403800,0
1625829600000,1.02947000,1.02967000,1.02864000,1.02921000,73590.60000000,1625829659999,75738.64834300,80,51703.90000000,53211.01745100,0
1625829660000,1.02939000,1.02967000,1.02872000,1.02872000,26596.60000000,1625829719999,27372.82943600,45,7578.60000000,7801.88228600,0
1625829720000,1.02879000,1.02912000,1.02751000,1.02857000,82598.50000000,1625829779999,84938.62260100,138,37008.10000000,38049.02434700,0
1625829780000,1.02830000,1.03000000,1.02751000,1.02932000,70048.40000000,1625829839999,72091.64238100,115,45723.10000000,47057.79410200,0
1625829840000,1.02930000,1.02931000,1.02725000,1.02837000,55999.40000000,1625829899999,57564.67061900,88,12267.40000000,12613.13696700,0
1625829900000,1.02837000,1.02838000,1.02659000,1.02685000,103999.40000000,1625829959999,106816.78432200,147,26661.70000000,27385.23776500,0
1625829960000,1.02712000,1.02973000,1.02702000,1.02794000,194979.20000000,1625830019999,200467.58282900,174,101691.50000000,104549.52275900,0
1625830020000,1.02794000,1.02874000,1.02770000,1.02848000,11528.00000000,1625830079999,11855.68667000,30,4032.20000000,4146.99789900,0
1625830080000,1.02847000,1.02918000,1.02674000,1.02682000,28354.40000000,1625830139999,29134.02940800,72,7549.20000000,7759.90490900,0
1625830140000,1.02676000,1.02817000,1.02612000,1.02687000,62594.60000000,1625830199999,64285.52621900,130,44178.20000000,45375.04980900,0
1625830200000,1.02699000,1.02857000,1.02682000,1.02744000,75605.40000000,1625830259999,77696.45168800,133,39569.00000000,40662.37743200,0
1625830260000,1.02744000,1.02839000,1.02737000,1.02836000,39616.70000000,1625830319999,40728.74458200,79,32863.20000000,33784.11002800,0
1625830320000,1.02850000,1.03048000,1.02850000,1.02938000,71137.20000000,1625830379999,73221.60015300,81,48144.40000000,49553.95079700,0
1625830380000,1.02976000,1.02976000,1.02829000,1.02926000,18938.00000000,1625830439999,19484.27138300,53,7231.00000000,7438.80586700,0
1625830440000,1.02904000,1.02921000,1.02840000,1.02892000,9977.80000000,1625830499999,10265.65793400,38,4005.50000000,4121.44256600,0
1625830500000,1.02892000,1.02899000,1.02855000,1.02899000,27135.00000000,1625830559999,27912.32738000,50,22615.40000000,23262.53330000,0
1625830560000,1.02862000,1.02980000,1.02859000,1.02972000,34185.70000000,1625830619999,35177.86059900,47,22424.40000000,23077.25269000,0
1625830620000,1.02972000,1.03045000,1.02937000,1.03000000,35647.50000000,1625830679999,36712.45395200,71,21241.70000000,21877.02968400,0
1625830680000,1.02995000,1.02997000,1.02883000,1.02883000,24953.30000000,1625830739999,25685.66570500,55,4692.40000000,4831.07341400,0
1625830740000,1.02877000,1.02999000,1.02859000,1.02974000,93779.50000000,1625830799999,96526.00422000,119,36366.50000000,37427.00622100,0
1625830800000,1.02999000,1.03088000,1.02887000,1.02928000,58012.30000000,1625830859999,59734.28576500,71,30203.50000000,31094.67158200,0
1625830860000,1.02910000,1.02910000,1.02814000,1.02886000,62053.10000000,1625830919999,63823.06097100,80,44561.80000000,45834.09407500,0
1625830920000,1.02886000,1.03116000,1.02886000,1.03025000,33254.80000000,1625830979999,34263.85020600,53,26158.10000000,26952.46026600,0
1625830980000,1.03026000,1.03026000,1.02898000,1.02961000,65107.40000000,1625831039999,67040.53635500,89,40232.60000000,41425.05868500,0
1625831040000,1.02964000,1.03211000,1.02964000,1.03169000,27270.40000000,1625831099999,28119.55637900,57,20628.30000000,21266.57855400,0
1625831100000,1.03200000,1.03341000,1.03008000,1.03272000,87499.40000000,1625831159999,90294.78300700,164,36758.20000000,37911.70689600,0
1625831160000,1.03233000,1.03293000,1.03172000,1.03195000,34943.20000000,1625831219999,36073.10762400,74,25569.60000000,26396.84577300,0
1625831220000,1.03225000,1.03253000,1.03158000,1.03228000,36513.60000000,1625831279999,37684.10129600,71,20091.90000000,20735.84388700,0
1625831280000,1.03233000,1.03233000,1.03137000,1.03159000,13579.70000000,1625831339999,14010.74769800,41,4671.90000000,4820.08056400,0
1625831340000,1.03159000,1.03167000,1.03033000,1.03045000,36117.10000000,1625831399999,37231.85691900,102,30254.80000000,31188.70096700,0
1625831400000,1.03044000,1.03044000,1.02865000,1.02865000,67534.30000000,1625831459999,69544.38124000,119,50172.10000000,51665.52796700,0
1625831460000,1.02892000,1.02943000,1.02875000,1.02934000,30448.30000000,1625831519999,31333.31169200,62,22566.00000000,23223.21031300,0
1625831520000,1.02937000,1.03055000,1.02929000,1.03054000,30692.00000000,1625831579999,31602.65850200,45,12776.50000000,13159.12798500,0
1625831580000,1.03062000,1.03091000,1.02958000,1.02958000,10368.40000000,1625831639999,10682.25987800,40,5121.60000000,5276.16600400,0
1625831640000,1.02956000,1.02987000,1.02869000,1.02911000,35869.00000000,1625831699999,36916.01964900,66,11992.90000000,12341.87472500,0
1625831700000,1.02911000,1.02980000,1.02900000,1.02916000,26940.20000000,1625831759999,27727.87713900,41,22076.20000000,22721.24709400,0
1625831760000,1.02958000,1.02958000,1.02684000,1.02699000,59008.70000000,1625831819999,60647.43228600,125,5516.90000000,5671.31246300,0
1625831820000,1.02699000,1.02805000,1.02656000,1.02780000,39354.90000000,1625831879999,40423.27828500,68,22989.70000000,23615.53181700,0
1625831880000,1.02778000,1.02911000,1.02701000,1.02832000,50558.50000000,1625831939999,51966.43527500,70,33090.80000000,34004.63906400,0
1625831940000,1.02843000,1.03078000,1.02813000,1.02971000,85961.70000000,1625831999999,88508.78312900,129,56395.70000000,58055.12638900,0
1625832000000,1.02968000,1.03187000,1.02903000,1.03133000,40160.40000000,1625832059999,41392.05635000,114,25069.50000000,25834.52289600,0
1625832060000,1.03141000,1.03250000,1.03110000,1.03250000,41307.80000000,1625832119999,42625.54973100,101,29367.60000000,30307.34797300,0
1625832120000,1.03253000,1.03349000,1.02935000,1.02975000,157223.90000000,1625832179999,162269.73523800,259,61978.20000000,63929.26379000,0
1625832180000,1.02965000,1.02965000,1.02735000,1.02824000,118858.80000000,1625832239999,122208.13585400,199,76694.70000000,78856.95304500,0
1625832240000,1.02858000,1.02883000,1.02680000,1.02750000,68803.80000000,1625832299999,70702.06830800,132,27026.30000000,27768.23246600,0
1625832300000,1.02724000,1.02762000,1.02560000,1.02667000,124853.60000000,1625832359999,128123.21189800,251,56124.80000000,57598.76812000,0
1625832360000,1.02657000,1.02765000,1.02578000,1.02653000,44178.90000000,1625832419999,45354.80061100,109,27627.80000000,28364.30370600,0
1625832420000,1.02652000,1.02652000,1.02326000,1.02451000,367038.00000000,1625832479999,376172.14383600,512,68593.00000000,70269.93253200,0
1625832480000,1.02476000,1.02517000,1.02307000,1.02384000,60073.60000000,1625832539999,61491.53089300,151,35138.30000000,35966.11250300,0
1625832540000,1.02362000,1.02503000,1.02300000,1.02349000,47225.60000000,1625832599999,48369.72088000,109,22296.90000000,22842.51741000,0
1625832600000,1.02378000,1.02634000,1.02377000,1.02454000,89438.40000000,1625832659999,91726.07702000,106,62870.30000000,64491.59053100,0
1625832660000,1.02501000,1.02720000,1.02501000,1.02680000,64216.80000000,1625832719999,65895.43545900,85,54336.60000000,55751.12594100,0
1625832720000,1.02680000,1.02715000,1.02604000,1.02642000,19788.80000000,1625832779999,20314.04768500,63,3181.90000000,3266.64456000,0
1625832780000,1.02649000,1.02670000,1.02542000,1.02543000,64099.40000000,1625832839999,65774.72183600,94,36227.30000000,37174.65299500,0
1625832840000,1.02548000,1.02693000,1.02500000,1.02676000,34188.80000000,1625832899999,35073.42361100,72,23766.60000000,24380.42364500,0
1625832900000,1.02676000,1.02686000,1.02541000,1.02545000,51030.70000000,1625832959999,52372.71873700,83,25656.80000000,26326.62096600,0
1625832960000,1.02531000,1.02595000,1.02220000,1.02246000,145851.70000000,1625833019999,149277.90078300,286,54323.40000000,55621.27555700,0
1625833020000,1.02257000,1.02321000,1.02182000,1.02299000,60435.80000000,1625833079999,61781.49739400,137,14852.00000000,15188.17167000,0
1625833080000,1.02283000,1.02457000,1.02230000,1.02448000,58411.90000000,1625833139999,59790.08394600,86,53084.60000000,54336.72560300,0
1625833140000,1.02451000,1.02651000,1.02426000,1.02433000,66808.60000000,1625833199999,68477.96870400,113,36949.80000000,37858.92246800,0
1625833200000,1.02449000,1.02613000,1.02449000,1.02470000,53635.40000000,1625833259999,54997.60904100,89,28813.60000000,29550.83359600,0
1625833260000,1.02460000,1.02650000,1.02433000,1.02638000,63158.00000000,1625833319999,64770.46776500,89,34661.90000000,35537.56609400,0
1625833320000,1.02628000,1.02649000,1.02482000,1.02520000,31478.20000000,1625833379999,32283.32335700,52,10453.10000000,10716.83159000,0
1625833380000,1.02516000,1.02516000,1.02279000,1.02388000,75883.80000000,1625833439999,77672.80866600,127,36455.40000000,37308.02511100,0
1625833440000,1.02365000,1.02428000,1.02273000,1.02406000,86089.10000000,1625833499999,88115.60732300,86,68829.50000000,70453.42657200,0
1625833500000,1.02402000,1.02584000,1.02388000,1.02574000,99196.30000000,1625833559999,101663.14492900,139,54351.20000000,55694.04809500,0
1625833560000,1.02539000,1.02701000,1.02507000,1.02652000,60501.10000000,1625833619999,62088.21545200,93,27446.90000000,28156.67494700,0
1625833620000,1.02673000,1.02702000,1.02635000,1.02667000,29667.70000000,1625833679999,30463.14458500,59,21719.10000000,22300.32461100,0
1625833680000,1.02667000,1.02697000,1.02572000,1.02668000,38919.80000000,1625833739999,39945.87040500,68,17250.70000000,17703.31610000,0
1625833740000,1.02667000,1.02906000,1.02667000,1.02838000,48759.50000000,1625833799999,50116.60070800,106,38701.40000000,39773.60029800,0
1625833800000,1.02840000,1.02936000,1.02704000,1.02755000,78619.90000000,1625833859999,80828.28965300,129,28630.30000000,29434.96792400,0
1625833860000,1.02758000,1.02908000,1.02758000,1.02903000,33509.90000000,1625833919999,34463.32234300,74,22347.80000000,22981.73527000,0
1625833920000,1.02877000,1.02887000,1.02528000,1.02627000,57882.90000000,1625833979999,59461.26480300,110,23765.20000000,24414.76457800,0
1625833980000,1.02603000,1.02684000,1.02501000,1.02551000,39073.90000000,1625834039999,40080.13770500,64,32705.70000000,33546.13154800,0
1625834040000,1.02615000,1.02724000,1.02510000,1.02527000,41875.90000000,1625834099999,42967.22491900,82,24606.60000000,25244.67202500,0
1625834100000,1.02527000,1.02527000,1.02408000,1.02425000,40765.20000000,1625834159999,41769.23039200,94,32747.70000000,33554.44234600,0
1625834160000,1.02419000,1.02578000,1.02410000,1.02542000,66434.80000000,1625834219999,68082.27442400,77,53322.50000000,54642.58193800,0
1625834220000,1.02548000,1.02750000,1.02509000,1.02737000,58789.00000000,1625834279999,60349.11485800,104,25452.60000000,26120.63298500,0
1625834280000,1.02714000,1.02731000,1.02634000,1.02684000,20539.10000000,1625834339999,21089.58993800,51,6964.30000000,7150.35805900,0
1625834340000,1.02685000,1.02911000,1.02685000,1.02850000,64908.60000000,1625834399999,66746.37633200,101,41579.00000000,42758.71131300,0
1625834400000,1.02858000,1.03057000,1.02830000,1.03024000,57580.20000000,1625834459999,59284.78550600,105,47201.00000000,48592.71603200,0
1625834460000,1.03030000,1.03081000,1.02911000,1.03074000,121778.00000000,1625834519999,125438.65798800,139,64418.10000000,66360.52165000,0
1625834520000,1.03082000,1.03277000,1.03014000,1.03277000,124121.30000000,1625834579999,128025.54715800,215,53641.00000000,55336.98973800,0
1625834580000,1.03277000,1.03500000,1.03236000,1.03455000,193380.70000000,1625834639999,199936.62969800,377,95182.50000000,98427.64786000,0
1625834640000,1.03449000,1.03649000,1.03430000,1.03625000,141934.30000000,1625834699999,146970.99616900,280,80461.00000000,83319.05693000,0
1625834700000,1.03565000,1.03649000,1.03336000,1.03489000,68686.30000000,1625834759999,71052.82905000,160,35522.60000000,36732.57263600,0
1625834760000,1.03454000,1.03462000,1.03156000,1.03288000,189483.40000000,1625834819999,195784.98395800,239,41312.00000000,42681.44715100,0
1625834820000,1.03309000,1.03437000,1.03250000,1.03437000,547586.50000000,1625834879999,565657.94521700,344,522772.90000000,540020.17026500,0
1625834880000,1.03392000,1.03516000,1.03392000,1.03410000,52704.80000000,1625834939999,54513.30927400,109,10779.70000000,11148.01325300,0
1625834940000,1.03431000,1.03431000,1.03167000,1.03329000,416412.20000000,1625834999999,430431.92101700,399,267586.50000000,276654.20365600,0
1625835000000,1.03365000,1.03399000,1.03177000,1.03395000,80975.30000000,1625835059999,83641.87160700,151,46331.10000000,47862.24879400,0
1625835060000,1.03400000,1.03400000,1.03312000,1.03389000,29592.10000000,1625835119999,30588.99009500,66,6089.80000000,6296.36119000,0
1625835120000,1.03356000,1.03398000,1.03249000,1.03305000,76807.00000000,1625835179999,79351.34851200,144,33291.60000000,34403.33243600,0
1625835180000,1.03312000,1.03400000,1.03308000,1.03374000,35331.50000000,1625835239999,36523.30452200,57,14837.10000000,15340.03235100,0
1625835240000,1.03369000,1.03400000,1.03300000,1.03400000,73118.00000000,1625835299999,75578.60045400,97,42268.70000000,43698.01560900,0
1625835300000,1.03400000,1.03509000,1.03334000,1.03357000,331012.00000000,1625835359999,342291.74014100,260,279068.50000000,288570.40468700,0
1625835360000,1.03314000,1.03539000,1.03314000,1.03488000,55144.20000000,1625835419999,57045.18932800,91,41713.90000000,43148.71281200,0
1625835420000,1.03484000,1.03495000,1.03366000,1.03486000,65366.10000000,1625835479999,67615.73747100,114,32156.70000000,33270.20468200,0
1625835480000,1.03473000,1.03539000,1.03419000,1.03494000,30780.90000000,1625835539999,31854.24429200,96,18305.80000000,18943.63547100,0
1625835540000,1.03499000,1.03700000,1.03443000,1.03651000,76711.90000000,1625835599999,79458.49841400,165,66717.30000000,69106.35571900,0
1625835600000,1.03643000,1.04000000,1.03594000,1.03925000,456415.00000000,1625835659999,474238.07219600,538,343447.40000000,356888.58017400,0
1625835660000,1.03927000,1.04000000,1.03807000,1.03912000,146776.20000000,1625835719999,152499.94058000,160,109664.50000000,113949.40086100,0
1625835720000,1.03919000,1.04058000,1.03914000,1.04000000,193348.90000000,1625835779999,201093.86944000,200,97307.20000000,101203.06283600,0
1625835780000,1.04000000,1.04057000,1.03837000,1.04051000,489161.90000000,1625835839999,508665.49826900,261,48265.00000000,50189.66296600,0
1625835840000,1.04032000,1.04200000,1.03946000,1.04150000,238850.60000000,1625835899999,248567.92074000,409,125483.60000000,130600.61946800,0
1625835900000,1.04106000,1.04200000,1.03987000,1.04177000,124347.20000000,1625835959999,129402.76813400,183,35571.30000000,37026.80773700,0
1625835960000,1.04151000,1.04200000,1.04001000,1.04198000,165935.50000000,1625836019999,172747.08222200,185,79867.60000000,83140.17873600,0
1625836020000,1.04172000,1.04392000,1.04115000,1.04266000,376676.30000000,1625836079999,392839.13345900,402,289046.00000000,301477.87814500,0
1625836080000,1.04270000,1.04461000,1.04270000,1.04441000,133620.60000000,1625836139999,139460.09000500,244,72148.80000000,75309.18487400,0
1625836140000,1.04442000,1.04784000,1.04400000,1.04603000,360858.90000000,1625836199999,377461.27666200,610,195788.90000000,204798.57243100,0
1625836200000,1.04622000,1.04693000,1.04575000,1.04649000,117483.80000000,1625836259999,122914.54660600,221,43834.00000000,45863.17468700,0
1625836260000,1.04650000,1.04823000,1.04615000,1.04744000,174925.50000000,1625836319999,183201.60898700,252,114702.60000000,120130.74958600,0
1625836320000,1.04748000,1.04868000,1.04691000,1.04827000,104534.70000000,1625836379999,109529.13460900,213,47264.20000000,49523.51468500,0
1625836380000,1.04805000,1.04950000,1.04691000,1.04794000,163985.80000000,1625836439999,171891.55793000,303,97017.10000000,101714.90042200,0
1625836440000,1.04817000,1.04925000,1.04710000,1.04800000,368056.80000000,1625836499999,385810.92082000,282,126780.50000000,132928.67991800,0
1625836500000,1.04808000,1.04872000,1.04265000,1.04460000,370367.20000000,1625836559999,387067.99499800,399,51655.90000000,54024.95824400,0
1625836560000,1.04500000,1.04611000,1.04433000,1.04502000,150089.30000000,1625836619999,156872.74099500,190,89487.60000000,93529.38285300,0
1625836620000,1.04497000,1.04581000,1.04443000,1.04570000,76712.80000000,1625836679999,80181.94305800,127,44563.40000000,46579.33336400,0
1625836680000,1.04559000,1.04600000,1.04475000,1.04555000,150636.60000000,1625836739999,157476.16909500,169,85731.60000000,89618.43423200,0
1625836740000,1.04514000,1.04569000,1.04459000,1.04504000,125149.10000000,1625836799999,130832.65505500,122,47810.00000000,49976.89051700,0
1625836800000,1.04513000,1.04569000,1.04501000,1.04537000,43180.70000000,1625836859999,45139.84095300,70,37373.70000000,39069.57506200,0
1625836860000,1.04537000,1.04537000,1.04278000,1.04339000,90247.70000000,1625836919999,94250.91622600,171,32835.70000000,34284.41705500,0
1625836920000,1.04362000,1.04387000,1.04125000,1.04308000,160119.50000000,1625836979999,166947.75603300,268,100552.50000000,104839.38465000,0
1625836980000,1.04308000,1.04470000,1.04246000,1.04274000,42907.90000000,1625837039999,44781.08298600,78,14022.20000000,14636.57226500,0
1625837040000,1.04268000,1.04411000,1.04255000,1.04407000,82376.90000000,1625837099999,85974.93643500,102,56343.80000000,58803.21946900,0
1625837100000,1.04410000,1.04736000,1.04403000,1.04698000,98209.60000000,1625837159999,102739.68115600,172,59036.00000000,61766.35047900,0
1625837160000,1.04701000,1.04708000,1.04443000,1.04506000,128807.10000000,1625837219999,134672.66577900,133,59125.10000000,61791.42681400,0
1625837220000,1.04518000,1.04522000,1.04409000,1.04476000,46783.30000000,1625837279999,48871.69871000,84,29795.90000000,31126.11770900,0
1625837280000,1.04472000,1.04720000,1.04428000,1.04569000,107384.10000000,1625837339999,112293.38534600,176,67100.30000000,70162.38146200,0
1625837340000,1.04641000,1.04999000,1.04615000,1.04966000,151612.10000000,1625837399999,158993.04933100,271,93941.30000000,98519.69073300,0
1625837400000,1.04990000,1.05240000,1.04869000,1.04913000,327544.10000000,1625837459999,344085.61283200,630,225493.40000000,236863.87127000,0
1625837460000,1.04946000,1.05093000,1.04869000,1.04926000,259107.40000000,1625837519999,271982.32998000,341,138860.20000000,145759.22570400,0
1625837520000,1.04994000,1.05200000,1.04900000,1.05000000,366333.10000000,1625837579999,384802.15005700,270,274811.90000000,288687.69770400,0
1625837580000,1.05061000,1.05209000,1.04956000,1.05032000,252634.40000000,1625837639999,265523.98584800,269,139595.60000000,146701.97975300,0
1625837640000,1.05063000,1.05163000,1.04990000,1.05036000,155572.80000000,1625837699999,163455.71953100,178,60925.80000000,64027.47084600,0
1625837700000,1.05010000,1.05068000,1.04827000,1.04854000,152573.30000000,1625837759999,160131.85675000,215,40803.00000000,42813.69391000,0
1625837760000,1.04831000,1.04996000,1.04816000,1.04973000,82284.50000000,1625837819999,86308.41689600,104,70716.90000000,74174.92743200,0
1625837820000,1.04972000,1.05111000,1.04932000,1.04941000,178643.60000000,1625837879999,187615.80765500,168,86728.30000000,91093.32526200,0
1625837880000,1.04954000,1.05069000,1.04895000,1.05046000,356804.40000000,1625837939999,374591.39330700,275,135203.20000000,141927.63034600,0
1625837940000,1.05046000,1.05092000,1.05007000,1.05074000,82884.10000000,1625837999999,87058.21869600,109,31126.00000000,32696.74576500,0
1625838000000,1.05071000,1.05123000,1.04952000,1.05028000,187498.00000000,1625838059999,196946.30401700,194,80611.60000000,84674.18840700,0
1625838060000,1.05058000,1.05123000,1.05014000,1.05050000,58037.50000000,1625838119999,60982.59239100,108,33211.50000000,34897.54279700,0
1625838120000,1.05059000,1.05100000,1.05037000,1.05077000,18222.30000000,1625838179999,19148.40515900,73,11856.10000000,12459.09765100,0
1625838180000,1.05099000,1.05184000,1.05097000,1.05184000,62829.00000000,1625838239999,66053.05669700,100,40337.90000000,42406.96049800,0
1625838240000,1.05135000,1.05180000,1.05000000,1.05053000,38931.20000000,1625838299999,40911.37287400,117,24406.90000000,25650.26731300,0
1625838300000,1.05053000,1.05103000,1.04952000,1.05011000,79067.60000000,1625838359999,83042.65937300,125,48432.20000000,50874.89657300,0
1625838360000,1.04991000,1.05094000,1.04951000,1.04964000,109226.90000000,1625838419999,114716.15432800,162,60015.90000000,63043.45177700,0
1625838420000,1.04974000,1.05033000,1.04899000,1.04900000,31373.60000000,1625838479999,32932.87402800,110,17920.10000000,18812.46792600,0
1625838480000,1.04932000,1.05028000,1.04857000,1.04979000,102682.40000000,1625838539999,107756.49299900,153,72592.90000000,76183.69787500,0
1625838540000,1.05000000,1.05198000,1.05000000,1.05058000,84601.60000000,1625838599999,88909.47407500,141,48241.50000000,50688.53989700,0
1625838600000,1.05071000,1.05135000,1.04964000,1.05097000,74016.70000000,1625838659999,77744.07312700,141,26537.80000000,27872.86221200,0
1625838660000,1.05097000,1.05218000,1.04995000,1.05103000,224392.70000000,1625838719999,235847.73010900,222,159576.60000000,167743.69922900,0
1625838720000,1.05077000,1.05163000,1.05005000,1.05151000,103812.80000000,1625838779999,109104.20061000,128,80291.00000000,84384.79206100,0
1625838780000,1.05113000,1.05132000,1.05041000,1.05053000,23255.60000000,1625838839999,24441.64608400,81,8061.30000000,8471.60439300,0
1625838840000,1.05052000,1.05085000,1.04906000,1.05029000,160710.30000000,1625838899999,168753.34833800,167,59159.40000000,62124.18230100,0
1625838900000,1.05024000,1.05070000,1.04950000,1.05070000,63229.30000000,1625838959999,66395.25929400,97,32952.70000000,34603.60683100,0
1625838960000,1.05055000,1.05178000,1.05035000,1.05064000,59948.10000000,1625839019999,62997.06567700,133,28222.60000000,29663.50635300,0
1625839020000,1.05091000,1.05240000,1.05072000,1.05184000,117054.10000000,1625839079999,123089.01395200,145,66211.90000000,69632.95446200,0
1625839080000,1.05172000,1.05240000,1.05171000,1.05240000,44072.40000000,1625839139999,46370.46375100,102,24284.60000000,25550.24497600,0
1625839140000,1.05240000,1.05415000,1.05233000,1.05414000,158032.60000000,1625839199999,166406.60914500,268,54520.10000000,57422.86288300,0
1625839200000,1.05415000,1.05500000,1.05114000,1.05165000,274000.80000000,1625839259999,288763.15486400,555,128550.20000000,135485.03819000,0
1625839260000,1.05171000,1.05239000,1.04961000,1.05165000,274991.00000000,1625839319999,288916.01419200,254,55418.20000000,58244.07264200,0
1625839320000,1.05176000,1.05200000,1.05013000,1.05120000,92901.40000000,1625839379999,97650.38188300,212,27326.70000000,28727.30237000,0
1625839380000,1.05100000,1.05221000,1.05068000,1.05115000,76077.30000000,1625839439999,79979.86893800,128,41972.00000000,44132.03520400,0
1625839440000,1.05113000,1.05242000,1.05083000,1.05211000,64978.90000000,1625839499999,68336.15302800,106,48357.20000000,50860.11587000,0
1625839500000,1.05218000,1.05300000,1.05150000,1.05238000,28582.50000000,1625839559999,30077.07543900,73,16553.90000000,17419.20767100,0
1625839560000,1.05238000,1.05288000,1.05148000,1.05171000,36275.90000000,1625839619999,38173.23508500,95,11755.40000000,12368.70064700,0
1625839620000,1.05170000,1.05177000,1.04951000,1.05053000,104889.80000000,1625839679999,110174.66849200,175,57632.00000000,60536.17502600,0
1625839680000,1.05047000,1.05066000,1.04951000,1.04961000,17278.60000000,1625839739999,18143.69765700,73,7997.60000000,8400.04543100,0
1625839740000,1.04987000,1.05106000,1.04907000,1.05000000,73941.10000000,1625839799999,77655.41860600,146,50198.40000000,52727.43935300,0
1625839800000,1.05008000,1.05086000,1.05001000,1.05035000,60560.10000000,1625839859999,63607.29046800,93,38251.60000000,40176.58886200,0
1625839860000,1.05035000,1.05213000,1.05035000,1.05167000,41837.90000000,1625839919999,43982.50883400,79,33173.60000000,34873.65810100,0
1625839920000,1.05117000,1.05163000,1.05076000,1.05159000,24466.60000000,1625839979999,25721.84302500,64,16282.50000000,17118.16996100,0
1625839980000,1.05140000,1.05192000,1.05135000,1.05135000,19920.10000000,1625840039999,20949.02534200,52,9750.30000000,10254.23165100,0
1625840040000,1.05135000,1.05229000,1.05117000,1.05155000,66486.00000000,1625840099999,69920.36348600,95,35037.30000000,36847.19912800,0
1625840100000,1.05155000,1.05155000,1.04985000,1.05014000,38665.10000000,1625840159999,40614.86475700,103,8056.20000000,8461.58779800,0
1625840160000,1.05000000,1.05015000,1.04950000,1.04997000,49211.50000000,1625840219999,51657.98055400,74,23460.10000000,24629.79881700,0
1625840220000,1.04997000,1.05190000,1.04997000,1.05117000,120376.20000000,1625840279999,126493.08233600,155,85646.70000000,89986.25676500,0
1625840280000,1.05171000,1.05174000,1.05000000,1.05073000,70727.00000000,1625840339999,74320.10146000,131,26608.10000000,27962.11977700,0
1625840340000,1.05072000,1.05295000,1.05017000,1.05245000,124520.80000000,1625840399999,130989.78725200,130,102404.40000000,107733.24269500,0
1625840400000,1.05255000,1.05820000,1.05248000,1.05776000,475672.20000000,1625840459999,502130.02010200,672,336288.20000000,354879.14476100,0
1625840460000,1.05776000,1.05924000,1.05723000,1.05836000,234570.20000000,1625840519999,248267.08436400,376,109628.50000000,116044.88338500,0
1625840520000,1.05851000,1.05935000,1.05809000,1.05862000,198483.00000000,1625840579999,210147.31326700,241,104563.40000000,110727.91813700,0
1625840580000,1.05824000,1.06151000,1.05815000,1.06093000,294405.60000000,1625840639999,311942.81745500,556,159289.80000000,168835.20570600,0
1625840640000,1.06093000,1.06195000,1.06084000,1.06106000,198890.10000000,1625840699999,211070.60579200,319,61677.50000000,65464.38432300,0
1625840700000,1.06106000,1.06207000,1.05784000,1.05849000,391053.60000000,1625840759999,414645.56817400,651,192946.80000000,204618.85070100,0
1625840760000,1.05857000,1.06000000,1.05857000,1.05902000,63739.70000000,1625840819999,67523.63768000,132,40694.40000000,43109.59198100,0
1625840820000,1.05911000,1.05911000,1.05609000,1.05625000,85003.50000000,1625840879999,89885.68357500,177,25116.00000000,26553.03168800,0
1625840880000,1.05683000,1.05769000,1.05376000,1.05600000,237260.80000000,1625840939999,250435.25539900,343,101050.00000000,106666.65490000,0
1625840940000,1.05599000,1.05618000,1.05529000,1.05567000,68546.50000000,1625840999999,72363.30399400,141,13533.60000000,14286.43274300,0
1625841000000,1.05565000,1.05665000,1.05507000,1.05535000,112325.40000000,1625841059999,118610.58258000,176,42676.60000000,45063.83530500,0
1625841060000,1.05554000,1.05567000,1.05353000,1.05353000,128822.90000000,1625841119999,135867.63815300,193,40430.30000000,42644.26556300,0
1625841120000,1.05396000,1.05503000,1.05341000,1.05485000,48640.80000000,1625841179999,51288.09999100,97,34342.50000000,36212.95867900,0
1625841180000,1.05499000,1.05529000,1.05386000,1.05490000,59774.90000000,1625841239999,63019.89272400,89,8954.20000000,9443.50073600,0
1625841240000,1.05449000,1.05584000,1.05397000,1.05429000,132209.00000000,1625841299999,139464.11672600,161,88487.80000000,93337.17079200,0
1625841300000,1.05455000,1.05571000,1.05455000,1.05468000,17632.80000000,1625841359999,18608.15147000,66,10471.60000000,11050.33484900,0
1625841360000,1.05462000,1.05515000,1.05413000,1.05485000,63851.00000000,1625841419999,67343.89880700,120,22219.70000000,23433.39509100,0
1625841420000,1.05496000,1.05747000,1.05496000,1.05743000,51145.30000000,1625841479999,53999.54187000,122,36844.70000000,38899.40338800,0
1625841480000,1.05748000,1.05748000,1.05603000,1.05641000,49744.60000000,1625841539999,52569.08063700,120,27145.10000000,28684.26207100,0
1625841540000,1.05643000,1.05750000,1.05181000,1.05422000,527380.80000000,1625841599999,556260.92706800,465,108500.60000000,114415.50494800,0
1625841600000,1.05417000,1.05519000,1.05316000,1.05514000,70006.50000000,1625841659999,73781.50042700,135,46143.60000000,48633.24653600,0
1625841660000,1.05472000,1.05621000,1.05340000,1.05408000,190059.40000000,1625841719999,200450.75452400,206,79262.30000000,83629.57454700,0
1625841720000,1.05388000,1.05468000,1.05343000,1.05380000,91005.00000000,1625841779999,95933.80426800,158,60723.40000000,64015.97718000,0
1625841780000,1.05400000,1.05400000,1.05300000,1.05359000,78185.80000000,1625841839999,82364.77148700,110,40078.40000000,42221.34615700,0
1625841840000,1.05354000,1.05492000,1.05337000,1.05457000,69645.60000000,1625841899999,73412.38421900,122,49631.30000000,52311.38881100,0
1625841900000,1.05432000,1.05516000,1.05417000,1.05426000,110644.50000000,1625841959999,116698.05793500,141,68749.30000000,72514.13132800,0
1625841960000,1.05426000,1.05700000,1.05426000,1.05609000,262833.40000000,1625842019999,277553.80137500,239,176531.80000000,186373.07071600,0
1625842020000,1.05601000,1.05933000,1.05585000,1.05787000,262049.40000000,1625842079999,277146.84078700,314,152392.10000000,161123.49342300,0
1625842080000,1.05782000,1.05830000,1.05714000,1.05799000,144564.10000000,1625842139999,152904.64701500,164,80980.70000000,85651.12853900,0
1625842140000,1.05832000,1.05890000,1.05771000,1.05826000,125800.60000000,1625842199999,133124.94448100,146,29898.10000000,31644.88621100,0
1625842200000,1.05822000,1.06000000,1.05822000,1.05935000,296091.60000000,1625842259999,313645.80242300,304,183107.40000000,193943.54834100,0
1625842260000,1.05916000,1.06319000,1.05900000,1.06304000,283739.80000000,1625842319999,301067.16699000,441,216179.90000000,229361.73688800,0
1625842320000,1.06311000,1.06424000,1.06287000,1.06315000,173936.20000000,1625842379999,184981.71379600,335,93933.30000000,99911.39766000,0
1625842380000,1.06313000,1.06470000,1.06313000,1.06447000,127930.10000000,1625842439999,136127.08320600,279,67676.30000000,72017.45074700,0
1625842440000,1.06447000,1.06514000,1.06212000,1.06281000,158410.80000000,1625842499999,168559.10761600,430,65391.90000000,69591.69008400,0
1625842500000,1.06281000,1.06418000,1.06246000,1.06418000,121202.00000000,1625842559999,128867.30105400,200,86198.70000000,91652.93033600,0
1625842560000,1.06418000,1.06500000,1.06311000,1.06376000,187778.40000000,1625842619999,199865.08942800,236,94987.50000000,101114.92129500,0
1625842620000,1.06376000,1.06422000,1.06170000,1.06367000,125341.70000000,1625842679999,133260.04778100,283,56958.80000000,60558.15356800,0
1625842680000,1.06347000,1.06432000,1.06292000,1.06362000,63700.90000000,1625842739999,67743.19493000,120,28310.10000000,30109.83922300,0
1625842740000,1.06353000,1.06353000,1.06163000,1.06252000,202986.00000000,1625842799999,215664.63970800,165,157598.60000000,167427.96446500,0
1625842800000,1.06248000,1.06333000,1.06106000,1.06204000,203061.70000000,1625842859999,215660.83014700,252,89622.90000000,95190.66495100,0
1625842860000,1.06194000,1.06226000,1.06079000,1.06172000,90514.30000000,1625842919999,96090.90829500,210,51453.00000000,54626.79001300,0
1625842920000,1.06147000,1.06167000,1.06026000,1.06079000,79189.40000000,1625842979999,83999.09934500,162,53249.50000000,56485.23413000,0
1625842980000,1.06080000,1.06210000,1.06073000,1.06151000,77137.30000000,1625843039999,81886.63177000,133,32104.40000000,34085.41396900,0
1625843040000,1.06151000,1.06242000,1.06114000,1.06165000,43949.70000000,1625843099999,46668.77238100,113,27548.60000000,29252.78370100,0
1625843100000,1.06164000,1.06236000,1.06090000,1.06236000,157427.40000000,1625843159999,167125.75345400,182,73915.80000000,78468.82707100,0
1625843160000,1.06219000,1.06446000,1.06197000,1.06389000,58964.80000000,1625843219999,62708.65807300,154,37680.60000000,40071.18205200,0
1625843220000,1.06400000,1.06448000,1.06385000,1.06390000,62003.80000000,1625843279999,65981.74108500,126,25296.10000000,26918.97932900,0
1625843280000,1.06390000,1.06405000,1.06315000,1.06362000,77002.60000000,1625843339999,81893.04836200,124,26061.20000000,27715.36891100,0
1625843340000,1.06346000,1.06484000,1.06322000,1.06442000,125440.70000000,1625843399999,133479.14935700,159,81834.20000000,87072.36547900,0
1625843400000,1.06444000,1.06534000,1.06151000,1.06151000,342666.40000000,1625843459999,364387.37129800,306,93136.40000000,99093.62402100,0
1625843460000,1.06180000,1.06217000,1.06107000,1.06157000,42289.20000000,1625843519999,44895.05628400,98,28002.90000000,29729.37073000,0
1625843520000,1.06166000,1.06168000,1.06065000,1.06103000,63798.10000000,1625843579999,67701.35181600,131,37683.10000000,39988.00885400,0
1625843580000,1.06102000,1.06102000,1.06019000,1.06053000,133020.10000000,1625843639999,141091.24982500,140,36093.20000000,38291.12974300,0
1625843640000,1.06053000,1.06237000,1.06050000,1.06163000,124312.20000000,1625843699999,131918.03279100,157,74822.10000000,79415.86369600,0
1625843700000,1.06182000,1.06288000,1.06056000,1.06077000,85067.20000000,1625843759999,90300.34623700,154,23580.00000000,25029.58825200,0
1625843760000,1.06086000,1.06086000,1.05893000,1.05973000,126103.70000000,1625843819999,133644.01369800,230,44502.70000000,47156.83153800,0
1625843820000,1.05959000,1.06056000,1.05884000,1.06055000,97362.60000000,1625843879999,103173.32388200,132,52704.60000000,55870.55926400,0
1625843880000,1.06056000,1.06086000,1.06003000,1.06062000,63140.40000000,1625843939999,66952.46528100,100,36611.50000000,38822.79751100,0
1625843940000,1.06065000,1.06137000,1.06024000,1.06121000,50891.40000000,1625843999999,53979.57863800,111,16960.20000000,17989.01961800,0
1625844000000,1.06119000,1.06371000,1.06116000,1.06275000,80022.50000000,1625844059999,85048.35700500,215,36349.10000000,38628.95517900,0
1625844060000,1.06297000,1.06297000,1.06077000,1.06106000,53293.90000000,1625844119999,56578.99892500,119,30927.70000000,32834.65775900,0
1625844120000,1.06102000,1.06251000,1.06099000,1.06204000,38796.70000000,1625844179999,41197.48794800,96,17218.50000000,18285.24617600,0
1625844180000,1.06221000,1.06250000,1.06199000,1.06199000,64648.20000000,1625844239999,68664.85223100,110,31568.40000000,33530.33793100,0
1625844240000,1.06199000,1.06238000,1.06084000,1.06084000,49732.30000000,1625844299999,52805.46470900,90,21750.90000000,23101.48202500,0
1625844300000,1.06090000,1.06112000,1.06000000,1.06006000,56722.80000000,1625844359999,60151.14111800,123,22657.50000000,24029.92832200,0
1625844360000,1.06000000,1.06100000,1.05974000,1.06100000,52139.80000000,1625844419999,55287.31506500,107,32629.30000000,34597.46640900,0
1625844420000,1.06116000,1.06227000,1.06113000,1.06171000,55264.20000000,1625844479999,58678.65339600,108,37177.70000000,39475.10758800,0
1625844480000,1.06134000,1.06190000,1.06100000,1.06115000,73999.10000000,1625844539999,78561.76859300,102,19664.10000000,20871.15450200,0
1625844540000,1.06124000,1.06238000,1.06124000,1.06200000,35938.80000000,1625844599999,38158.95218500,80,13428.20000000,14261.50056900,0
1625844600000,1.06201000,1.06265000,1.06201000,1.06252000,38630.70000000,1625844659999,41043.89934000,105,24424.30000000,25950.71526700,0
1625844660000,1.06233000,1.06293000,1.06152000,1.06152000,46426.10000000,1625844719999,49309.49614700,86,9253.20000000,9831.13541500,0
1625844720000,1.06186000,1.06189000,1.06039000,1.06080000,45899.20000000,1625844779999,48698.89314300,91,12727.80000000,13508.62845400,0
1625844780000,1.06031000,1.06078000,1.05940000,1.05998000,47016.30000000,1625844839999,49841.30295600,111,28941.80000000,30680.51570000,0
1625844840000,1.05986000,1.06097000,1.05973000,1.05975000,83486.10000000,1625844899999,88510.11636200,113,34841.70000000,36946.17945400,0
1625844900000,1.05984000,1.06029000,1.05865000,1.05887000,107981.80000000,1625844959999,114390.29476200,143,36602.50000000,38781.91098800,0
1625844960000,1.05887000,1.05959000,1.05887000,1.05912000,35378.00000000,1625845019999,37478.18931000,61,24551.60000000,26008.50983100,0
1625845020000,1.05948000,1.05990000,1.05915000,1.05984000,108789.00000000,1625845079999,115253.52830500,77,23592.60000000,25002.70695300,0
1625845080000,1.05977000,1.06097000,1.05977000,1.06077000,43875.10000000,1625845139999,46520.92745200,100,29842.40000000,31635.82113400,0
1625845140000,1.06076000,1.06105000,1.06058000,1.06103000,25232.90000000,1625845199999,26766.71514800,68,14442.50000000,15320.73350100,0
1625845200000,1.06101000,1.06199000,1.06061000,1.06112000,76368.50000000,1625845259999,81061.76989100,121,29553.70000000,31367.84407500,0
1625845260000,1.06111000,1.06121000,1.06000000,1.06017000,20375.80000000,1625845319999,21611.91663600,66,2393.10000000,2538.53293100,0
1625845320000,1.06016000,1.06016000,1.05944000,1.05981000,150783.50000000,1625845379999,159802.38908600,140,84105.00000000,89141.92349100,0
1625845380000,1.05981000,1.06099000,1.05981000,1.06034000,47094.30000000,1625845439999,49939.99002600,98,18525.10000000,19645.36154500,0
1625845440000,1.06014000,1.06131000,1.06000000,1.06078000,61962.80000000,1625845499999,65732.95065500,91,46517.40000000,49351.55258100,0
1625845500000,1.06106000,1.06200000,1.06082000,1.06150000,61826.60000000,1625845559999,65613.84958700,99,26986.50000000,28643.13854100,0
1625845560000,1.06195000,1.06238000,1.06136000,1.06184000,32872.00000000,1625845619999,34906.29433500,78,15797.50000000,16777.57202100,0
1625845620000,1.06184000,1.06199000,1.05944000,1.05982000,71675.30000000,1625845679999,76007.90012400,133,26764.30000000,28374.92082600,0
1625845680000,1.05946000,1.06014000,1.05929000,1.05991000,37781.40000000,1625845739999,40032.93798700,77,19904.60000000,21094.15314700,0
1625845740000,1.05991000,1.06188000,1.05991000,1.06152000,33328.20000000,1625845799999,35344.45180500,94,26142.10000000,27720.41631600,0
1625845800000,1.06152000,1.06260000,1.06152000,1.06215000,54964.80000000,1625845859999,58374.21729600,89,41037.50000000,43582.40139100,0
1625845860000,1.06200000,1.06258000,1.06160000,1.06224000,99820.40000000,1625845919999,106000.17353900,133,71732.80000000,76169.78088800,0
1625845920000,1.06215000,1.06370000,1.06215000,1.06310000,69245.10000000,1625845979999,73606.47832800,114,38194.70000000,40603.39316200,0
1625845980000,1.06319000,1.06399000,1.06311000,1.06391000,86367.00000000,1625846039999,91848.00141500,118,38120.20000000,40538.17308300,0
1625846040000,1.06387000,1.06387000,1.06295000,1.06295000,71241.30000000,1625846099999,75746.34514000,116,47277.50000000,50264.97539300,0
1625846100000,1.06299000,1.06482000,1.06299000,1.06397000,90771.70000000,1625846159999,96603.36842700,150,31103.40000000,33090.72998200,0
1625846160000,1.06390000,1.06518000,1.06390000,1.06518000,43105.00000000,1625846219999,45896.04048100,97,33865.20000000,36061.19095000,0
1625846220000,1.06501000,1.06572000,1.06479000,1.06564000,109135.00000000,1625846279999,116264.27843600,176,46581.00000000,49627.56746400,0
1625846280000,1.06564000,1.06609000,1.06530000,1.06600000,90904.20000000,1625846339999,96878.75189400,116,39032.10000000,41602.96534900,0
1625846340000,1.06600000,1.06700000,1.06106000,1.06204000,256852.60000000,1625846399999,273381.58871900,481,128385.70000000,136755.77184500,0
1625846400000,1.06219000,1.06421000,1.06033000,1.06325000,372677.90000000,1625846459999,396033.78158900,333,151343.60000000,160852.01887500,0
1625846460000,1.06350000,1.06581000,1.06304000,1.06581000,111869.40000000,1625846519999,119067.51020400,169,87029.10000000,92639.36149300,0
1625846520000,1.06582000,1.06766000,1.06381000,1.06674000,345658.10000000,1625846579999,368464.85040200,463,187107.40000000,199438.85269900,0
1625846580000,1.06736000,1.06767000,1.06483000,1.06492000,56433.30000000,1625846639999,60171.57932800,137,26420.50000000,28178.69444700,0
1625846640000,1.06510000,1.06512000,1.06219000,1.06262000,116746.80000000,1625846699999,124184.91824700,184,37467.80000000,39841.59998200,0
1625846700000,1.06261000,1.06298000,1.06200000,1.06225000,121091.30000000,1625846759999,128639.49836100,190,51561.80000000,54787.73312300,0
1625846760000,1.06225000,1.06322000,1.06200000,1.06259000,77830.80000000,1625846819999,82686.35269600,114,26587.30000000,28248.95226700,0
1625846820000,1.06258000,1.06299000,1.06172000,1.06200000,108421.40000000,1625846879999,115159.72604500,153,59690.70000000,63406.27186200,0
1625846880000,1.06200000,1.06284000,1.06065000,1.06092000,54004.00000000,1625846939999,57328.33149600,142,13025.80000000,13831.05834700,0
1625846940000,1.06075000,1.06075000,1.05840000,1.05840000,99685.00000000,1625846999999,105593.22024300,272,37262.60000000,39470.45548500,0
1625847000000,1.05874000,1.06135000,1.05838000,1.05946000,191321.00000000,1625847059999,202743.07780200,182,117400.20000000,124440.23124500,0
1625847060000,1.05898000,1.06140000,1.05864000,1.06140000,138798.50000000,1625847119999,147104.64634300,131,117933.00000000,124989.27511200,0
1625847120000,1.06134000,1.06232000,1.06021000,1.06075000,12722.20000000,1625847179999,13502.75720000,55,4529.50000000,4806.98526000,0
1625847180000,1.06062000,1.06153000,1.06021000,1.06021000,46467.30000000,1625847239999,49290.29600300,56,19173.50000000,20341.40031700,0
1625847240000,1.06041000,1.06050000,1.05895000,1.06002000,62568.40000000,1625847299999,66318.58187300,104,6355.10000000,6737.73921000,0
1625847300000,1.06000000,1.06186000,1.06000000,1.06125000,86020.60000000,1625847359999,91266.52745700,105,72986.70000000,77435.58458700,0
1625847360000,1.06127000,1.06192000,1.06100000,1.06148000,26978.20000000,1625847419999,28636.15154600,60,13816.40000000,14666.54113900,0
1625847420000,1.06112000,1.06200000,1.06078000,1.06173000,29589.20000000,1625847479999,31405.73718700,73,23212.60000000,24638.85655100,0
1625847480000,1.06196000,1.06196000,1.06075000,1.06130000,12758.50000000,1625847539999,13538.41388500,62,3924.20000000,4164.26012100,0
1625847540000,1.06125000,1.06130000,1.06029000,1.06128000,22202.80000000,1625847599999,23553.01820400,64,7523.50000000,7982.81169000,0
1625847600000,1.06130000,1.06143000,1.06018000,1.06019000,29446.20000000,1625847659999,31228.48707300,66,21019.30000000,22290.62397900,0
1625847660000,1.06038000,1.06111000,1.06000000,1.06034000,39011.80000000,1625847719999,41369.28755300,75,15375.10000000,16308.75621000,0
1625847720000,1.06034000,1.06049000,1.06000000,1.06013000,12737.90000000,1625847779999,13506.04930900,41,9991.80000000,10594.76422700,0
1625847780000,1.06030000,1.06030000,1.05852000,1.05855000,81595.10000000,1625847839999,86436.76869100,133,21152.30000000,22407.20842400,0
1625847840000,1.05865000,1.05865000,1.05434000,1.05496000,277833.20000000,1625847899999,293530.15968300,518,59957.30000000,63286.02705800,0
1625847900000,1.05469000,1.05639000,1.05363000,1.05630000,151220.60000000,1625847959999,159490.52222800,219,40510.20000000,42739.80889000,0
1625847960000,1.05640000,1.05770000,1.05553000,1.05740000,74879.00000000,1625848019999,79108.42130100,127,60613.00000000,64039.16685200,0
1625848020000,1.05749000,1.05766000,1.05667000,1.05718000,34786.10000000,1625848079999,36774.09089500,74,20749.10000000,21937.16970200,0
1625848080000,1.05719000,1.05787000,1.05691000,1.05701000,64828.40000000,1625848139999,68542.06444300,91,21101.10000000,22310.21669100,0
1625848140000,1.05704000,1.05704000,1.05542000,1.05596000,98403.30000000,1625848199999,103933.01837100,110,48638.20000000,51359.86439200,0
1625848200000,1.05582000,1.05800000,1.05479000,1.05706000,185943.70000000,1625848259999,196546.38508400,271,99475.20000000,105172.36627200,0
1625848260000,1.05703000,1.05781000,1.05660000,1.05724000,49339.10000000,1625848319999,52163.25592000,67,19774.80000000,20911.32715300,0
1625848320000,1.05718000,1.05799000,1.05708000,1.05799000,52628.50000000,1625848379999,55657.60765900,76,40346.40000000,42669.45106900,0
1625848380000,1.05799000,1.05910000,1.05742000,1.05776000,70574.10000000,1625848439999,74688.41219500,120,50296.30000000,53229.76917200,0
1625848440000,1.05785000,1.05808000,1.05709000,1.05747000,36107.50000000,1625848499999,38192.12898500,73,10160.40000000,10744.72342700,0
1625848500000,1.05749000,1.05896000,1.05708000,1.05848000,115400.10000000,1625848559999,122100.26554300,124,81379.60000000,86091.59192300,0
1625848560000,1.05848000,1.05900000,1.05825000,1.05825000,9478.00000000,1625848619999,10033.82623600,47,2483.70000000,2629.99107100,0
1625848620000,1.05805000,1.05844000,1.05764000,1.05844000,24238.30000000,1625848679999,25642.92317200,40,2557.30000000,2705.54431600,0
1625848680000,1.05830000,1.05895000,1.05813000,1.05850000,57462.10000000,1625848739999,60829.82263200,75,20436.10000000,21633.87103000,0
1625848740000,1.05850000,1.05850000,1.05563000,1.05646000,76291.30000000,1625848799999,80644.56976100,131,30528.40000000,32260.79564000,0
1625848800000,1.05621000,1.05709000,1.05591000,1.05642000,23888.30000000,1625848859999,25237.61638500,52,14695.50000000,15526.60732000,0
1625848860000,1.05654000,1.05681000,1.05512000,1.05656000,62861.30000000,1625848919999,66395.32651300,71,46795.10000000,49432.51752100,0
1625848920000,1.05666000,1.05757000,1.05533000,1.05568000,24937.30000000,1625848979999,26345.74180700,90,16073.30000000,16982.22334100,0
1625848980000,1.05548000,1.05683000,1.05548000,1.05575000,31465.20000000,1625849039999,33238.36817000,59,25644.00000000,27089.74428600,0
1625849040000,1.05562000,1.05677000,1.05551000,1.05589000,22329.60000000,1625849099999,23581.19196600,58,8565.40000000,9047.11098100,0
1625849100000,1.05580000,1.05650000,1.05528000,1.05593000,50508.50000000,1625849159999,53318.23334700,69,28752.20000000,30353.17311700,0
1625849160000,1.05600000,1.05615000,1.05405000,1.05405000,59261.20000000,1625849219999,62505.07039300,120,27410.40000000,28900.13655200,0
1625849220000,1.05416000,1.05618000,1.05416000,1.05478000,75718.20000000,1625849279999,79905.13837100,77,43433.90000000,45858.30344700,0
1625849280000,1.05450000,1.05627000,1.05450000,1.05508000,85656.90000000,1625849339999,90388.95518300,96,9730.00000000,10271.54549400,0
1625849340000,1.05543000,1.05639000,1.05537000,1.05629000,19914.40000000,1625849399999,21028.97622000,47,13950.40000000,14733.32250600,0
1625849400000,1.05628000,1.05642000,1.05503000,1.05545000,19479.90000000,1625849459999,20560.98692900,50,9387.10000000,9910.36510800,0
1625849460000,1.05540000,1.05642000,1.05540000,1.05571000,26304.60000000,1625849519999,27772.13186200,73,17306.40000000,18269.01724300,0
1625849520000,1.05571000,1.05658000,1.05522000,1.05658000,40662.50000000,1625849579999,42928.22761800,90,29251.60000000,30882.52011700,0
1625849580000,1.05630000,1.05655000,1.05549000,1.05577000,93452.90000000,1625849639999,98695.04771900,86,5956.20000000,6289.87008000,0
1625849640000,1.05553000,1.05629000,1.05533000,1.05629000,31645.50000000,1625849699999,33412.66694300,55,29108.90000000,30734.69787000,0
1625849700000,1.05604000,1.05634000,1.05541000,1.05541000,17845.10000000,1625849759999,18843.36351100,46,8157.40000000,8614.07458600,0
1625849760000,1.05548000,1.05558000,1.05510000,1.05538000,12080.90000000,1625849819999,12749.52481700,52,6139.30000000,6479.61663900,0
1625849820000,1.05526000,1.05532000,1.05484000,1.05519000,28481.20000000,1625849879999,30049.80761500,65,11695.40000000,12340.48842300,0
1625849880000,1.05523000,1.05532000,1.05479000,1.05497000,24770.80000000,1625849939999,26133.45042100,52,6160.60000000,6500.69659700,0
1625849940000,1.05497000,1.05658000,1.05468000,1.05658000,113824.00000000,1625849999999,120138.20316000,130,89018.90000000,93955.84361400,0
1625850000000,1.05658000,1.05675000,1.05501000,1.05529000,29890.50000000,1625850059999,31566.58971600,76,13615.90000000,14382.53272300,0
1625850060000,1.05523000,1.05578000,1.05428000,1.05568000,92213.20000000,1625850119999,97278.01819600,163,54718.70000000,57730.55373000,0
1625850120000,1.05564000,1.05572000,1.05441000,1.05472000,52626.50000000,1625850179999,55512.02027300,83,15267.10000000,16105.09616700,0
1625850180000,1.05488000,1.05595000,1.05465000,1.05500000,52321.80000000,1625850239999,55213.60908000,98,26652.00000000,28128.16881300,0
1625850240000,1.05499000,1.05532000,1.05450000,1.05490000,17283.90000000,1625850299999,18231.24041800,53,9154.80000000,9657.45259000,0
1625850300000,1.05456000,1.05588000,1.05456000,1.05504000,37702.50000000,1625850359999,39788.37277000,64,7812.60000000,8243.81907700,0
1625850360000,1.05491000,1.05589000,1.05451000,1.05535000,38334.20000000,1625850419999,40454.41797500,76,23476.80000000,24776.46725500,0
1625850420000,1.05532000,1.05581000,1.05449000,1.05508000,46451.20000000,1625850479999,48995.38499100,77,18782.50000000,19810.51402100,0
1625850480000,1.05507000,1.05507000,1.05200000,1.05315000,134228.90000000,1625850539999,141312.76612800,304,53115.10000000,55911.26491800,0
1625850540000,1.05326000,1.05441000,1.05262000,1.05408000,98602.60000000,1625850599999,103908.38705500,130,51586.10000000,54368.05465200,0
1625850600000,1.05400000,1.05538000,1.05367000,1.05497000,83164.70000000,1625850659999,87689.22683500,126,52478.80000000,55336.12064700,0
1625850660000,1.05471000,1.05504000,1.05297000,1.05341000,85213.00000000,1625850719999,89798.32159400,138,43214.90000000,45527.89203200,0
1625850720000,1.05359000,1.05420000,1.05297000,1.05302000,21364.90000000,1625850779999,22505.65188500,73,14090.30000000,14844.66616200,0
1625850780000,1.05302000,1.05322000,1.05151000,1.05212000,95507.00000000,1625850839999,100510.24058800,190,22636.90000000,23818.84086100,0
1625850840000,1.05195000,1.05366000,1.05169000,1.05357000,76465.20000000,1625850899999,80510.85102600,105,64132.90000000,67523.71113800,0
1625850900000,1.05345000,1.05354000,1.05267000,1.05267000,11343.90000000,1625850959999,11945.48019400,50,5284.40000000,5564.08600800,0
1625850960000,1.05287000,1.05288000,1.05184000,1.05189000,21157.80000000,1625851019999,22264.01286000,57,9114.60000000,9592.75416500,0
1625851020000,1.05185000,1.05355000,1.05182000,1.05312000,54564.60000000,1625851079999,57434.22351100,87,38102.60000000,40100.98850800,0
1625851080000,1.05318000,1.05318000,1.05161000,1.05265000,18497.00000000,1625851139999,19464.91837600,57,9372.90000000,9862.56218300,0
1625851140000,1.05265000,1.05265000,1.05205000,1.05225000,37011.60000000,1625851199999,38952.36676300,53,14148.90000000,14887.95492400,0
1625851200000,1.05222000,1.05256000,1.05172000,1.05182000,68764.30000000,1625851259999,72352.28100800,75,37365.60000000,39316.70449800,0
1625851260000,1.05230000,1.05339000,1.05184000,1.05339000,56033.10000000,1625851319999,58962.53926100,57,46635.50000000,49075.25205900,0
1625851320000,1.05340000,1.05468000,1.05337000,1.05436000,46021.70000000,1625851379999,48505.31899000,95,33659.10000000,35472.13476700,0
1625851380000,1.05444000,1.05444000,1.05330000,1.05360000,18436.10000000,1625851439999,19429.22449100,40,4773.30000000,5029.20796900,0
1625851440000,1.05357000,1.05500000,1.05357000,1.05494000,51160.40000000,1625851499999,53931.37022500,108,36174.20000000,38130.73868900,0
1625851500000,1.05494000,1.05579000,1.05415000,1.05579000,51301.60000000,1625851559999,54112.07341700,83,19724.00000000,20802.89175600,0
1625851560000,1.05579000,1.05700000,1.05579000,1.05683000,46811.20000000,1625851619999,49458.68708700,135,32152.10000000,33972.47185000,0
1625851620000,1.05668000,1.05668000,1.05561000,1.05563000,7703.80000000,1625851679999,8135.70393000,31,3821.30000000,4035.84077900,0
1625851680000,1.05562000,1.05564000,1.05322000,1.05408000,72698.10000000,1625851739999,76623.19575000,129,27776.60000000,29270.92982000,0
1625851740000,1.05415000,1.05502000,1.05392000,1.05392000,67711.00000000,1625851799999,71389.19307800,91,21183.10000000,22333.48318500,0
1625851800000,1.05375000,1.05375000,1.05236000,1.05321000,102879.90000000,1625851859999,108336.60217700,136,40492.80000000,42646.80761400,0
1625851860000,1.05316000,1.05450000,1.05315000,1.05422000,16633.30000000,1625851919999,17527.49808000,57,9054.00000000,9540.14187000,0
1625851920000,1.05415000,1.05443000,1.05350000,1.05369000,73024.60000000,1625851979999,76967.79983600,60,57042.60000000,60124.00506700,0
1625851980000,1.05397000,1.05499000,1.05389000,1.05443000,47432.90000000,1625852039999,50013.30935500,83,13183.60000000,13899.22105700,0
1625852040000,1.05416000,1.05499000,1.05411000,1.05465000,37478.10000000,1625852099999,39520.86975100,87,21194.20000000,22350.28249000,0
1625852100000,1.05459000,1.05483000,1.05176000,1.05180000,64340.60000000,1625852159999,67730.53464500,111,18669.10000000,19641.10328300,0
1625852160000,1.05208000,1.05208000,1.05006000,1.05023000,128269.70000000,1625852219999,134767.25154100,298,47766.10000000,50173.89768500,0
1625852220000,1.05038000,1.05038000,1.04699000,1.04832000,326486.70000000,1625852279999,342350.56028300,705,108707.10000000,113944.89358500,0
1625852280000,1.04834000,1.04884000,1.04739000,1.04790000,120758.10000000,1625852339999,126550.99198300,132,49823.30000000,52227.16959100,0
1625852340000,1.04790000,1.04936000,1.04779000,1.04800000,24788.40000000,1625852399999,25988.31897100,55,17188.00000000,18019.16651400,0
1625852400000,1.04800000,1.04957000,1.04780000,1.04954000,44740.00000000,1625852459999,46912.70137500,78,40832.20000000,42816.30505100,0
1625852460000,1.04951000,1.04982000,1.04930000,1.04971000,36936.30000000,1625852519999,38769.79270200,77,12027.30000000,12624.59730700,0
1625852520000,1.04980000,1.04982000,1.04755000,1.04779000,95107.00000000,1625852579999,99723.32582900,136,47207.10000000,49480.72486200,0
1625852580000,1.04792000,1.04860000,1.04735000,1.04780000,151782.30000000,1625852639999,159075.22176800,159,101691.20000000,106579.01674300,0
1625852640000,1.04750000,1.04824000,1.04683000,1.04714000,37810.50000000,1625852699999,39603.10474600,87,16742.10000000,17537.33320100,0
1625852700000,1.04745000,1.04955000,1.04726000,1.04894000,169952.70000000,1625852759999,178207.61181000,139,123894.40000000,129903.68397200,0
1625852760000,1.04916000,1.04919000,1.04850000,1.04909000,22849.80000000,1625852819999,23966.32198000,43,8437.50000000,8848.87976500,0
1625852820000,1.04908000,1.05079000,1.04818000,1.04838000,56301.60000000,1625852879999,59097.26121400,141,35972.80000000,37768.14458900,0
1625852880000,1.04853000,1.04918000,1.04779000,1.04828000,43205.10000000,1625852939999,45294.03257500,78,9718.60000000,10189.25788400,0
1625852940000,1.04816000,1.04899000,1.04784000,1.04858000,35821.70000000,1625852999999,37562.24092900,48,32401.20000000,33977.94588500,0
1625853000000,1.04868000,1.04992000,1.04849000,1.04982000,39899.30000000,1625853059999,41869.40451200,78,27302.70000000,28650.63166600,0
1625853060000,1.04948000,1.05100000,1.04896000,1.04936000,65303.90000000,1625853119999,68574.82561500,113,25931.70000000,27237.68586700,0
1625853120000,1.04930000,1.05092000,1.04889000,1.04998000,46193.10000000,1625853179999,48487.59611900,79,28854.40000000,30283.14645500,0
1625853180000,1.04993000,1.05078000,1.04883000,1.04931000,21399.30000000,1625853239999,22457.55927400,54,13677.10000000,14353.09163500,0
1625853240000,1.04921000,1.04982000,1.04913000,1.04936000,28397.70000000,1625853299999,29805.96775000,35,12462.30000000,13080.41451300,0
1625853300000,1.04936000,1.04947000,1.04921000,1.04945000,5939.80000000,1625853359999,6232.93173800,35,2030.30000000,2130.68500700,0
1625853360000,1.04945000,1.05089000,1.04934000,1.04979000,72933.70000000,1625853419999,76571.74495500,112,49709.30000000,52183.67746200,0
1625853420000,1.04951000,1.04973000,1.04750000,1.04750000,44711.90000000,1625853479999,46879.04484900,113,20243.80000000,21232.32694800,0
1625853480000,1.04752000,1.04961000,1.04745000,1.04859000,60377.10000000,1625853539999,63302.77189600,137,43458.70000000,45561.64194600,0
1625853540000,1.04829000,1.04959000,1.04824000,1.04854000,66225.50000000,1625853599999,69473.05130100,86,18238.20000000,19124.83478200,0
1625853600000,1.04854000,1.04854000,1.04736000,1.04784000,69318.80000000,1625853659999,72634.64636500,115,29315.40000000,30712.15131700,0
1625853660000,1.04774000,1.04951000,1.04765000,1.04868000,78123.20000000,1625853719999,81913.33129000,69,61680.70000000,64668.54309500,0
1625853720000,1.04885000,1.04885000,1.04723000,1.04752000,41099.20000000,1625853779999,43066.39345400,88,14221.00000000,14898.99995800,0
1625853780000,1.04760000,1.04795000,1.04737000,1.04751000,13106.30000000,1625853839999,13729.54226100,45,3716.20000000,3892.89543100,0
1625853840000,1.04734000,1.04743000,1.04555000,1.04594000,92570.40000000,1625853899999,96840.73876600,210,12868.10000000,13464.74548700,0
1625853900000,1.04595000,1.04788000,1.04595000,1.04773000,47196.10000000,1625853959999,49424.98651400,75,35344.30000000,37011.88150300,0
1625853960000,1.04759000,1.04836000,1.04736000,1.04736000,21047.10000000,1625854019999,22052.83853700,41,11995.70000000,12569.44570000,0
1625854020000,1.04727000,1.04750000,1.04681000,1.04711000,42718.30000000,1625854079999,44727.65595800,64,36223.70000000,37927.63362200,0
1625854080000,1.04742000,1.04749000,1.04615000,1.04640000,40261.80000000,1625854139999,42152.03273000,74,12492.40000000,13080.74946700,0
1625854140000,1.04677000,1.04688000,1.04645000,1.04656000,7034.00000000,1625854199999,7361.88347800,40,5377.50000000,5628.16675900,0
1625854200000,1.04639000,1.04639000,1.04500000,1.04529000,158377.50000000,1625854259999,165608.12639700,219,31976.50000000,33432.98568400,0
1625854260000,1.04570000,1.04650000,1.04550000,1.04608000,22950.00000000,1625854319999,24001.45806600,58,7857.20000000,8218.00652100,0
1625854320000,1.04600000,1.04650000,1.04524000,1.04600000,155549.50000000,1625854379999,162711.03177000,102,119956.10000000,125476.95423400,0
1625854380000,1.04582000,1.04582000,1.04428000,1.04472000,136301.30000000,1625854439999,142417.35797600,238,58478.40000000,61101.70434300,0
1625854440000,1.04490000,1.04536000,1.04371000,1.04473000,134936.50000000,1625854499999,140940.72697800,207,104376.20000000,109029.17753900,0
1625854500000,1.04464000,1.04614000,1.04370000,1.04614000,151119.40000000,1625854559999,157878.66390000,163,49439.10000000,51662.70965700,0
1625854560000,1.04580000,1.04654000,1.04553000,1.04604000,108502.20000000,1625854619999,113499.21928600,101,27417.10000000,28678.05690400,0
1625854620000,1.04585000,1.04585000,1.04324000,1.04324000,38387.70000000,1625854679999,40077.83401400,135,19796.10000000,20668.14022500,0
1625854680000,1.04324000,1.04461000,1.04322000,1.04435000,43370.00000000,1625854739999,45270.80007800,78,33812.00000000,35287.68991600,0
1625854740000,1.04432000,1.04432000,1.04305000,1.04309000,18466.00000000,1625854799999,19267.55141900,68,8357.20000000,8718.15773500,0
1625854800000,1.04310000,1.04407000,1.04310000,1.04344000,42191.20000000,1625854859999,44029.73789800,73,26148.20000000,27283.74371300,0
1625854860000,1.04357000,1.04391000,1.04317000,1.04331000,24203.40000000,1625854919999,25256.20885500,38,11650.60000000,12157.74490200,0
1625854920000,1.04331000,1.04358000,1.04128000,1.04188000,169895.30000000,1625854979999,177066.32174700,308,37387.60000000,38957.19733600,0
1625854980000,1.04179000,1.04359000,1.04129000,1.04215000,131711.80000000,1625855039999,137267.93149300,153,90117.50000000,93922.55084400,0
1625855040000,1.04223000,1.04375000,1.04204000,1.04256000,38416.40000000,1625855099999,40067.95429900,58,25632.00000000,26731.75505700,0
1625855100000,1.04261000,1.04309000,1.04002000,1.04113000,105864.40000000,1625855159999,110225.48678500,281,42140.80000000,43878.07670900,0
1625855160000,1.04113000,1.04274000,1.04075000,1.04117000,80820.90000000,1625855219999,84183.42430700,131,33834.00000000,35243.72963900,0
1625855220000,1.04116000,1.04173000,1.04067000,1.04102000,34045.20000000,1625855279999,35441.74445400,64,23101.80000000,24047.99570700,0
1625855280000,1.04116000,1.04221000,1.04106000,1.04171000,41155.70000000,1625855339999,42864.60138400,65,31740.30000000,33055.43942500,0
1625855340000,1.04139000,1.04155000,1.04008000,1.04067000,41627.60000000,1625855399999,43324.29130400,78,13301.70000000,13844.49026900,0
1625855400000,1.04112000,1.04234000,1.04082000,1.04155000,128599.70000000,1625855459999,133927.26812200,129,23305.20000000,24274.72483500,0
1625855460000,1.04143000,1.04247000,1.04137000,1.04218000,62715.20000000,1625855519999,65349.64128000,82,17727.10000000,18467.20836200,0
1625855520000,1.04218000,1.04329000,1.04169000,1.04207000,63359.80000000,1625855579999,66042.62846200,115,47246.50000000,49247.55354300,0
1625855580000,1.04205000,1.04264000,1.04180000,1.04237000,43534.20000000,1625855639999,45373.27449200,58,42147.40000000,43928.00961400,0
1625855640000,1.04263000,1.04277000,1.04128000,1.04140000,48933.40000000,1625855699999,51002.90552300,71,27713.30000000,28887.77057600,0
1625855700000,1.04140000,1.04149000,1.04006000,1.04105000,34799.90000000,1625855759999,36214.59611800,106,21669.50000000,22549.18132300,0
1625855760000,1.04095000,1.04155000,1.04032000,1.04155000,28896.90000000,1625855819999,30076.98621900,66,19727.80000000,20536.50561000,0
1625855820000,1.04155000,1.04156000,1.04035000,1.04035000,34011.00000000,1625855879999,35406.38572900,63,21248.30000000,22122.06574600,0
1625855880000,1.04032000,1.04068000,1.03828000,1.03897000,316818.70000000,1625855939999,329332.47487700,544,65642.00000000,68206.10589800,0
1625855940000,1.03861000,1.04012000,1.03861000,1.03952000,54005.90000000,1625855999999,56135.58303000,74,49247.80000000,51189.22003400,0
1625856000000,1.03957000,1.04180000,1.03957000,1.04156000,26212.60000000,1625856059999,27279.05569700,101,18524.00000000,19273.83465100,0
1625856060000,1.04135000,1.04135000,1.04050000,1.04065000,43446.50000000,1625856119999,45227.24374700,61,14794.80000000,15400.50029500,0
1625856120000,1.04060000,1.04102000,1.04000000,1.04088000,34408.10000000,1625856179999,35798.07993000,65,22577.90000000,23491.30177900,0
1625856180000,1.04088000,1.04146000,1.04034000,1.04146000,38984.60000000,1625856239999,40583.60471900,69,34821.40000000,36249.85844200,0
1625856240000,1.04146000,1.04214000,1.04077000,1.04077000,56774.70000000,1625856299999,59133.47491900,103,26619.10000000,27730.70012400,0
1625856300000,1.04043000,1.04073000,1.03883000,1.03883000,32815.70000000,1625856359999,34110.78786100,94,15031.50000000,15620.30194200,0
1625856360000,1.03902000,1.03983000,1.03805000,1.03937000,46274.90000000,1625856419999,48068.74314900,99,30144.10000000,31314.58539500,0
1625856420000,1.03887000,1.03925000,1.03800000,1.03800000,26865.00000000,1625856479999,27890.72457400,87,8042.50000000,8350.94989000,0
1625856480000,1.03801000,1.03862000,1.03770000,1.03836000,63597.60000000,1625856539999,66021.74198900,114,31649.20000000,32859.94898900,0
1625856540000,1.03820000,1.03820000,1.03723000,1.03766000,40297.60000000,1625856599999,41816.15940600,109,15598.50000000,16185.72514500,0
1625856600000,1.03765000,1.03899000,1.03736000,1.03880000,122056.50000000,1625856659999,126723.91773500,108,93704.10000000,97299.94758900,0
1625856660000,1.03863000,1.03899000,1.03752000,1.03899000,35818.10000000,1625856719999,37190.29117300,82,23681.00000000,24588.03542200,0
1625856720000,1.03889000,1.03900000,1.03779000,1.03785000,37254.30000000,1625856779999,38695.95182400,65,4936.50000000,5128.56079100,0
1625856780000,1.03796000,1.03844000,1.03768000,1.03782000,37871.00000000,1625856839999,39310.20791900,53,16751.40000000,17387.65589900,0
1625856840000,1.03783000,1.03875000,1.03716000,1.03754000,47025.50000000,1625856899999,48806.68144400,87,30561.10000000,31723.05685500,0
1625856900000,1.03758000,1.03777000,1.03672000,1.03739000,49081.10000000,1625856959999,50899.97566200,144,32283.80000000,33479.94956200,0
1625856960000,1.03749000,1.03899000,1.03741000,1.03892000,24315.30000000,1625857019999,25236.55638600,74,18581.60000000,19285.88263100,0
1625857020000,1.03875000,1.03875000,1.03689000,1.03689000,29482.40000000,1625857079999,30597.73390400,73,8913.10000000,9248.91659800,0
1625857080000,1.03727000,1.03727000,1.03685000,1.03695000,18550.40000000,1625857139999,19238.19485300,39,14972.50000000,15527.93031100,0
1625857140000,1.03698000,1.03895000,1.03695000,1.03845000,209620.80000000,1625857199999,217710.78062800,176,33231.40000000,34491.72479700,0
1625857200000,1.03820000,1.03820000,1.03734000,1.03788000,31934.50000000,1625857259999,33141.17524500,82,13944.90000000,14469.22692300,0
1625857260000,1.03742000,1.03790000,1.03734000,1.03790000,10158.80000000,1625857319999,10541.09230300,38,6986.00000000,7249.59522000,0
1625857320000,1.03771000,1.03771000,1.03562000,1.03719000,73539.10000000,1625857379999,76232.06013100,217,38891.10000000,40314.68649300,0
1625857380000,1.03709000,1.03742000,1.03608000,1.03700000,181058.90000000,1625857439999,187705.94090100,152,100116.50000000,103780.23745900,0
1625857440000,1.03692000,1.03692000,1.03526000,1.03616000,97081.90000000,1625857499999,100551.61847200,145,30138.80000000,31213.55430900,0
1625857500000,1.03643000,1.03738000,1.03620000,1.03719000,59493.30000000,1625857559999,61680.64309100,96,23794.20000000,24667.33548400,0
1625857560000,1.03738000,1.03929000,1.03719000,1.03929000,46311.40000000,1625857619999,48074.74544900,109,26508.60000000,27510.42419200,0
1625857620000,1.03929000,1.04144000,1.03929000,1.04027000,94777.70000000,1625857679999,98611.34424800,242,65223.30000000,67849.64581500,0
1625857680000,1.04042000,1.04054000,1.03922000,1.03960000,61442.60000000,1625857739999,63881.34090800,97,24013.20000000,24966.87402500,0
1625857740000,1.03960000,1.04039000,1.03940000,1.03988000,29270.40000000,1625857799999,30432.27089500,63,20920.30000000,21750.24241500,0
1625857800000,1.04000000,1.04156000,1.04000000,1.04104000,36554.20000000,1625857859999,38053.62736400,117,21130.40000000,21996.46397300,0
1625857860000,1.04107000,1.04155000,1.04024000,1.04120000,31871.90000000,1625857919999,33172.65233900,72,11216.50000000,11673.98862600,0
1625857920000,1.04109000,1.04202000,1.04095000,1.04095000,73108.10000000,1625857979999,76152.40437000,110,26727.90000000,27842.72023600,0
1625857980000,1.04108000,1.04168000,1.04021000,1.04025000,73739.30000000,1625858039999,76777.35248600,68,63224.00000000,65833.41668200,0
1625858040000,1.04026000,1.04029000,1.03953000,1.04029000,54785.30000000,1625858099999,56968.72387800,80,50278.90000000,52281.90458600,0
1625858100000,1.04029000,1.04161000,1.04029000,1.04155000,25736.10000000,1625858159999,26789.01593700,54,15949.40000000,16601.73268200,0
1625858160000,1.04163000,1.04220000,1.04151000,1.04202000,20558.50000000,1625858219999,21418.35022500,61,12763.30000000,13296.80055800,0
1625858220000,1.04197000,1.04265000,1.04197000,1.04256000,37593.50000000,1625858279999,39188.58024800,75,30413.90000000,31704.61640100,0
1625858280000,1.04255000,1.04458000,1.04180000,1.04445000,83509.80000000,1625858339999,87144.15444700,185,41202.80000000,42988.28127000,0
1625858340000,1.04445000,1.04500000,1.04377000,1.04495000,82128.10000000,1625858399999,85781.72463400,136,30991.30000000,32369.95225300,0
1625858400000,1.04499000,1.04552000,1.04490000,1.04551000,109816.90000000,1625858459999,114763.70570000,156,14763.20000000,15430.78356300,0
1625858460000,1.04555000,1.04555000,1.04490000,1.04490000,125452.90000000,1625858519999,131104.19863800,116,19684.80000000,20574.18683800,0
1625858520000,1.04490000,1.04491000,1.04343000,1.04343000,67484.70000000,1625858579999,70476.12426100,84,13510.10000000,14107.49994400,0
1625858580000,1.04382000,1.04542000,1.04361000,1.04463000,44999.50000000,1625858639999,47011.53651400,84,32938.00000000,34406.25589200,0
1625858640000,1.04437000,1.04468000,1.04362000,1.04376000,19944.90000000,1625858699999,20828.35861200,45,14126.40000000,14753.12965100,0
1625858700000,1.04376000,1.04433000,1.04354000,1.04369000,44712.70000000,1625858759999,46673.74590400,68,28692.30000000,29951.33142700,0
1625858760000,1.04362000,1.04482000,1.04326000,1.04407000,37030.30000000,1625858819999,38663.81846700,69,22548.50000000,23540.37548200,0
1625858820000,1.04408000,1.04408000,1.04227000,1.04227000,39606.50000000,1625858879999,41320.00602400,40,36700.00000000,38288.99341100,0
1625858880000,1.04216000,1.04358000,1.04216000,1.04287000,27926.50000000,1625858939999,29128.91977500,33,23340.10000000,24344.64490500,0
1625858940000,1.04282000,1.04282000,1.04200000,1.04200000,8147.30000000,1625858999999,8492.88750800,31,6807.90000000,7096.97455200,0
1625859000000,1.04198000,1.04200000,1.04068000,1.04101000,26867.50000000,1625859059999,27968.80443700,56,9232.70000000,9611.14145700,0
1625859060000,1.04074000,1.04103000,1.03808000,1.03848000,37478.80000000,1625859119999,38960.02206800,161,4876.50000000,5070.79129300,0
1625859120000,1.03836000,1.03880000,1.03807000,1.03839000,15789.70000000,1625859179999,16396.60147700,50,5894.70000000,6121.64114300,0
1625859180000,1.03873000,1.04029000,1.03850000,1.04029000,105158.00000000,1625859239999,109250.37060600,110,55677.30000000,57854.59437500,0
1625859240000,1.03995000,1.04156000,1.03993000,1.04047000,22162.30000000,1625859299999,23065.30776500,50,19168.00000000,19948.48922500,0
1625859300000,1.04050000,1.04050000,1.03883000,1.03892000,6401.70000000,1625859359999,6655.19288300,38,2135.00000000,2219.43583700,0
1625859360000,1.03883000,1.03884000,1.03800000,1.03852000,23694.40000000,1625859419999,24601.69618400,76,6873.80000000,7137.79267400,0
1625859420000,1.03831000,1.03916000,1.03811000,1.03907000,21089.00000000,1625859479999,21900.48993000,47,15595.80000000,16196.78490200,0
1625859480000,1.03894000,1.03906000,1.03831000,1.03893000,11040.90000000,1625859539999,11467.73391300,38,3584.60000000,3723.20488800,0
1625859540000,1.03852000,1.03853000,1.03800000,1.03809000,15999.00000000,1625859599999,16612.20089900,54,2373.50000000,2464.71710900,0
1625859600000,1.03844000,1.03889000,1.03792000,1.03883000,34142.30000000,1625859659999,35454.32099500,59,16573.30000000,17208.77400800,0
1625859660000,1.03828000,1.03873000,1.03799000,1.03873000,7466.30000000,1625859719999,7751.80383800,32,2401.20000000,2493.11225700,0
1625859720000,1.03874000,1.03889000,1.03799000,1.03812000,12426.40000000,1625859779999,12907.09521700,31,5105.80000000,5303.32949800,0
1625859780000,1.03792000,1.03850000,1.03752000,1.03777000,35827.10000000,1625859839999,37185.70181100,77,11706.40000000,12151.86424800,0
1625859840000,1.03768000,1.03884000,1.03755000,1.03857000,14694.80000000,1625859899999,15255.78326600,53,12806.40000000,13294.91346500,0
1625859900000,1.03834000,1.03868000,1.03801000,1.03840000,9213.90000000,1625859959999,9568.90982800,23,3488.80000000,3622.84705600,0
1625859960000,1.03840000,1.03999000,1.03829000,1.03993000,79875.40000000,1625860019999,82974.43780000,101,72433.50000000,75240.47757500,0
1625860020000,1.03993000,1.04000000,1.03811000,1.03864000,28756.50000000,1625860079999,29868.06600400,45,9934.20000000,10317.54266000,0
1625860080000,1.03883000,1.04086000,1.03883000,1.04083000,39562.30000000,1625860139999,41140.65641300,74,34084.30000000,35442.18514000,0
1625860140000,1.04082000,1.04261000,1.04082000,1.04261000,54971.30000000,1625860199999,57261.66026300,113,21997.40000000,22915.51896700,0
1625860200000,1.04290000,1.04369000,1.04251000,1.04253000,57511.80000000,1625860259999,59980.37480500,98,29187.40000000,30435.20949800,0
1625860260000,1.04268000,1.04344000,1.04253000,1.04301000,29744.20000000,1625860319999,31022.05431400,37,21304.70000000,22218.39378200,0
1625860320000,1.04338000,1.04338000,1.04204000,1.04204000,17486.60000000,1625860379999,18234.16825400,53,5308.50000000,5534.04838800,0
1625860380000,1.04204000,1.04273000,1.04195000,1.04218000,12028.10000000,1625860439999,12535.34672300,34,7811.40000000,8140.95876600,0
1625860440000,1.04230000,1.04230000,1.04061000,1.04079000,25491.70000000,1625860499999,26542.27597600,73,8410.10000000,8757.58099400,0
1625860500000,1.04084000,1.04108000,1.03943000,1.03952000,34460.40000000,1625860559999,35843.22325400,53,24526.10000000,25513.57706700,0
1625860560000,1.03964000,1.04114000,1.03943000,1.04041000,36679.30000000,1625860619999,38162.27938000,65,18903.60000000,19662.62708600,0
1625860620000,1.04071000,1.04331000,1.04071000,1.04194000,73538.40000000,1625860679999,76618.87323000,106,49148.50000000,51194.76012300,0
1625860680000,1.04218000,1.04218000,1.04082000,1.04149000,12198.80000000,1625860739999,12699.50309800,44,7785.70000000,8104.90990300,0
1625860740000,1.04149000,1.04149000,1.04049000,1.04063000,52756.90000000,1625860799999,54918.14243400,58,23258.90000000,24210.22120000,0
1625860800000,1.04074000,1.04288000,1.04053000,1.04191000,45420.10000000,1625860859999,47343.60161100,77,26179.30000000,27283.41668200,0
1625860860000,1.04202000,1.04320000,1.04202000,1.04290000,59209.30000000,1625860919999,61750.72314000,85,24533.60000000,25585.35686000,0
1625860920000,1.04296000,1.04296000,1.04145000,1.04150000,102790.30000000,1625860979999,107169.73491100,87,24005.70000000,25010.90063000,0
1625860980000,1.04185000,1.04323000,1.04157000,1.04275000,40118.00000000,1625861039999,41819.00579500,66,25346.00000000,26420.84529600,0
1625861040000,1.04264000,1.04347000,1.04144000,1.04347000,32062.90000000,1625861099999,33428.25628500,67,20993.30000000,21890.22693600,0
1625861100000,1.04327000,1.04332000,1.04131000,1.04134000,51882.70000000,1625861159999,54091.88771900,60,21882.30000000,22824.03477300,0
1625861160000,1.04128000,1.04170000,1.04070000,1.04073000,18451.80000000,1625861219999,19211.74704000,48,7361.30000000,7664.16073200,0
1625861220000,1.04059000,1.04145000,1.04048000,1.04093000,27023.80000000,1625861279999,28127.07839100,48,23342.00000000,24294.94911800,0
1625861280000,1.04129000,1.04129000,1.04051000,1.04095000,28574.60000000,1625861339999,29743.67425500,55,25080.20000000,26107.43209900,0
1625861340000,1.04092000,1.04125000,1.04066000,1.04110000,3451.80000000,1625861399999,3593.37374800,34,1112.30000000,1158.09358300,0
1625861400000,1.04125000,1.04129000,1.03965000,1.04005000,51236.40000000,1625861459999,53295.90846000,87,7382.80000000,7678.73219600,0
1625861460000,1.04005000,1.04005000,1.03933000,1.03934000,21688.90000000,1625861519999,22553.52837100,48,14994.50000000,15593.19390800,0
1625861520000,1.03929000,1.04019000,1.03862000,1.03935000,44111.80000000,1625861579999,45841.69679600,95,37109.00000000,38562.56073800,0
1625861580000,1.03909000,1.03968000,1.03880000,1.03962000,6339.80000000,1625861639999,6587.92393700,41,3338.10000000,3469.00181300,0
1625861640000,1.03970000,1.04201000,1.03962000,1.04099000,100617.90000000,1625861699999,104722.98312700,123,52209.00000000,54324.19174000,0
1625861700000,1.04098000,1.04355000,1.04095000,1.04229000,96417.30000000,1625861759999,100507.69179300,158,33937.70000000,35367.66592900,0
1625861760000,1.04228000,1.04407000,1.04192000,1.04364000,35619.40000000,1625861819999,37145.17264800,83,27628.60000000,28815.54610300,0
1625861820000,1.04377000,1.04416000,1.04228000,1.04233000,33328.60000000,1625861879999,34776.15834700,47,24975.00000000,26062.80952900,0
1625861880000,1.04233000,1.04281000,1.04198000,1.04225000,32213.80000000,1625861939999,33578.82245600,43,19420.90000000,20244.56059900,0
1625861940000,1.04256000,1.04387000,1.04234000,1.04306000,13728.10000000,1625861999999,14321.56461100,49,12166.60000000,12693.17316300,0
1625862000000,1.04306000,1.04418000,1.04306000,1.04397000,47479.90000000,1625862059999,49561.72675600,68,13642.30000000,14241.25007200,0
1625862060000,1.04396000,1.04494000,1.04396000,1.04439000,52735.60000000,1625862119999,55078.27116600,89,28093.20000000,29342.96944500,0
1625862120000,1.04436000,1.04611000,1.04436000,1.04543000,59949.30000000,1625862179999,62665.90963100,151,42375.10000000,44296.02516000,0
1625862180000,1.04585000,1.04585000,1.04447000,1.04486000,23534.50000000,1625862239999,24590.78622600,43,15428.80000000,16121.11780400,0
1625862240000,1.04486000,1.04599000,1.04469000,1.04534000,25417.40000000,1625862299999,26573.19206600,50,8057.50000000,8423.80788500,0
1625862300000,1.04534000,1.04567000,1.04413000,1.04444000,33658.70000000,1625862359999,35172.03090100,60,9000.60000000,9404.47997900,0
1625862360000,1.04448000,1.04448000,1.04239000,1.04305000,41649.20000000,1625862419999,43450.85307600,84,25379.30000000,26477.34069900,0
1625862420000,1.04271000,1.04373000,1.04161000,1.04161000,38408.10000000,1625862479999,40051.14533500,81,20039.90000000,20897.87837400,0
1625862480000,1.04161000,1.04394000,1.04160000,1.04244000,51298.40000000,1625862539999,53473.86795600,76,40007.40000000,41705.53002600,0
1625862540000,1.04240000,1.04353000,1.04107000,1.04273000,33348.10000000,1625862599999,34755.04394200,65,15030.60000000,15665.97619400,0
1625862600000,1.04296000,1.04588000,1.04286000,1.04579000,50520.50000000,1625862659999,52762.73344300,87,16431.50000000,17164.31044400,0
1625862660000,1.04573000,1.04644000,1.04478000,1.04518000,50920.90000000,1625862719999,53254.88655800,88,16501.30000000,17255.71819600,0
1625862720000,1.04495000,1.04595000,1.04471000,1.04595000,22909.60000000,1625862779999,23949.43978300,30,22595.70000000,23621.34029800,0
1625862780000,1.04597000,1.04686000,1.04567000,1.04665000,33552.30000000,1625862839999,35098.38554400,81,23812.00000000,24910.89524500,0
1625862840000,1.04660000,1.04660000,1.04569000,1.04599000,19991.60000000,1625862899999,20911.71958700,46,9951.00000000,10409.57903500,0
1625862900000,1.04600000,1.04693000,1.04600000,1.04693000,38178.90000000,1625862959999,39951.10311100,64,34821.40000000,36438.58412600,0
1625862960000,1.04664000,1.04732000,1.04598000,1.04677000,60704.00000000,1625863019999,63538.57201300,99,22663.00000000,23719.91505600,0
1625863020000,1.04681000,1.04730000,1.04596000,1.04635000,50725.40000000,1625863079999,53105.73855400,79,22837.60000000,23912.85974200,0
1625863080000,1.04621000,1.04722000,1.04595000,1.04710000,18258.60000000,1625863139999,19104.65263400,32,16443.30000000,17205.25542600,0
1625863140000,1.04704000,1.04710000,1.04601000,1.04685000,26800.50000000,1625863199999,28047.87888500,46,24963.40000000,26125.88669800,0
1625863200000,1.04624000,1.04673000,1.04518000,1.04519000,22569.30000000,1625863259999,23605.26214900,47,15051.10000000,15744.91151000,0
1625863260000,1.04527000,1.04690000,1.04516000,1.04581000,63385.50000000,1625863319999,66300.29626500,83,42176.60000000,44109.19201900,0
1625863320000,1.04570000,1.04611000,1.04497000,1.04535000,21755.80000000,1625863379999,22745.80032900,43,16891.80000000,17660.89935500,0
1625863380000,1.04570000,1.04668000,1.04521000,1.04625000,31292.30000000,1625863439999,32724.07875500,43,30272.70000000,31657.69356300,0
1625863440000,1.04587000,1.04703000,1.04587000,1.04633000,33246.40000000,1625863499999,34799.22527200,31,6650.40000000,6961.83365600,0
1625863500000,1.04637000,1.04683000,1.04530000,1.04582000,28849.10000000,1625863559999,30171.93152600,68,21370.20000000,22349.63153600,0
1625863560000,1.04582000,1.04706000,1.04533000,1.04684000,113991.10000000,1625863619999,119267.59640900,144,71307.30000000,74605.24061200,0
1625863620000,1.04673000,1.04720000,1.04532000,1.04687000,29720.60000000,1625863679999,31094.70797000,55,14122.30000000,14775.12534200,0
1625863680000,1.04687000,1.04826000,1.04651000,1.04764000,43289.60000000,1625863739999,45348.36797100,103,11402.20000000,11946.02063100,0
1625863740000,1.04759000,1.04916000,1.04759000,1.04866000,90648.70000000,1625863799999,95031.72134800,140,27199.50000000,28516.92251600,0
1625863800000,1.04867000,1.05001000,1.04853000,1.04956000,49574.30000000,1625863859999,52029.47193800,139,18015.90000000,18906.14906500,0
1625863860000,1.04956000,1.04996000,1.04894000,1.04897000,29552.30000000,1625863919999,31008.28248300,57,1469.80000000,1542.51859200,0
1625863920000,1.04897000,1.04909000,1.04821000,1.04853000,24453.30000000,1625863979999,25640.39967000,65,15290.90000000,16031.32178300,0
1625863980000,1.04859000,1.04861000,1.04693000,1.04837000,55029.20000000,1625864039999,57664.12129400,82,42757.20000000,44802.61873900,0
1625864040000,1.04837000,1.04984000,1.04788000,1.04906000,29493.80000000,1625864099999,30940.53218500,54,15566.20000000,16330.28661000,0
1625864100000,1.04932000,1.04932000,1.04801000,1.04868000,28667.50000000,1625864159999,30065.32498800,53,7990.40000000,8380.80612200,0
1625864160000,1.04888000,1.05101000,1.04870000,1.05071000,56467.00000000,1625864219999,59290.53777500,144,30090.00000000,31585.51930700,0
1625864220000,1.05069000,1.05069000,1.04911000,1.04914000,74510.20000000,1625864279999,78226.82813800,75,37494.30000000,39348.12975700,0
1625864280000,1.04909000,1.04915000,1.04804000,1.04906000,19774.60000000,1625864339999,20737.05292300,53,12687.00000000,13303.36126000,0
1625864340000,1.04892000,1.05002000,1.04892000,1.04967000,13397.60000000,1625864399999,14058.39596100,37,7802.40000000,8187.04398400,0
1625864400000,1.04991000,1.04998000,1.04814000,1.04838000,22412.10000000,1625864459999,23514.22141600,58,10904.00000000,11439.59634000,0
1625864460000,1.04838000,1.04902000,1.04838000,1.04851000,12103.10000000,1625864519999,12693.25430700,34,9451.40000000,9912.31945500,0
1625864520000,1.04879000,1.04957000,1.04818000,1.04871000,54714.40000000,1625864579999,57378.54646500,63,20796.90000000,21811.49658100,0
1625864580000,1.04829000,1.04829000,1.04782000,1.04810000,29237.40000000,1625864639999,30638.87291800,57,16881.80000000,17690.52117200,0
1625864640000,1.04805000,1.04911000,1.04784000,1.04911000,69418.40000000,1625864699999,72786.45531200,46,32798.30000000,34394.39965200,0
1625864700000,1.04894000,1.04943000,1.04894000,1.04933000,12198.20000000,1625864759999,12799.56320800,48,10246.90000000,10752.01757700,0
1625864760000,1.04911000,1.04913000,1.04798000,1.04817000,16776.30000000,1625864819999,17589.41777600,32,8658.50000000,9077.59386800,0
1625864820000,1.04817000,1.04839000,1.04771000,1.04771000,2581.90000000,1625864879999,2705.86955000,22,1996.90000000,2092.88561800,0
1625864880000,1.04766000,1.04766000,1.04571000,1.04600000,82107.40000000,1625864939999,85909.15128500,151,40451.70000000,42321.87263800,0
1625864940000,1.04599000,1.04700000,1.04586000,1.04586000,64700.30000000,1625864999999,67689.45879000,46,13617.20000000,14251.67179000,0
1625865000000,1.04636000,1.04931000,1.04636000,1.04929000,87814.90000000,1625865059999,92003.09560000,136,61978.90000000,64917.80628900,0
1625865060000,1.04937000,1.04937000,1.04846000,1.04892000,24340.20000000,1625865119999,25535.54919100,46,2898.30000000,3040.09554300,0
1625865120000,1.04892000,1.04892000,1.04690000,1.04690000,25405.70000000,1625865179999,26608.42095600,55,12590.60000000,13186.25098600,0
1625865180000,1.04690000,1.04847000,1.04670000,1.04815000,30883.80000000,1625865239999,32354.19336100,47,29354.60000000,30752.01341400,0
1625865240000,1.04789000,1.04789000,1.04691000,1.04756000,35232.80000000,1625865299999,36905.57522700,58,19972.20000000,20919.02191500,0
1625865300000,1.04740000,1.04866000,1.04737000,1.04866000,27561.40000000,1625865359999,28895.89616000,67,2313.60000000,2424.89910800,0
1625865360000,1.04867000,1.04867000,1.04586000,1.04599000,63886.80000000,1625865419999,66936.99476400,103,2574.50000000,2695.16576700,0
1625865420000,1.04593000,1.04678000,1.04558000,1.04583000,34854.80000000,1625865479999,36459.01861300,51,29130.40000000,30470.91003600,0
1625865480000,1.04610000,1.04610000,1.04419000,1.04480000,51545.30000000,1625865539999,53869.80903900,91,18077.60000000,18894.65983400,0
1625865540000,1.04457000,1.04574000,1.04457000,1.04535000,27054.60000000,1625865599999,28279.14449400,51,22964.20000000,24003.48966600,0
1625865600000,1.04535000,1.04600000,1.04535000,1.04591000,41349.10000000,1625865659999,43239.81218200,36,35612.10000000,37240.07060400,0
1625865660000,1.04590000,1.04685000,1.04581000,1.04670000,39268.50000000,1625865719999,41087.52315700,42,37469.00000000,39205.14683200,0
1625865720000,1.04689000,1.04759000,1.04689000,1.04709000,14812.40000000,1625865779999,15512.39654200,30,3755.60000000,3933.27187900,0
1625865780000,1.04740000,1.04740000,1.04554000,1.04554000,56312.90000000,1625865839999,58930.13609100,75,6355.00000000,6647.68569000,0
1625865840000,1.04548000,1.04553000,1.04500000,1.04539000,10925.20000000,1625865899999,11419.79585000,33,5191.10000000,5426.73396600,0
1625865900000,1.04523000,1.04691000,1.04523000,1.04681000,43690.90000000,1625865959999,45706.56154300,68,30057.10000000,31438.04682600,0
1625865960000,1.04700000,1.04732000,1.04678000,1.04681000,11588.10000000,1625866019999,12131.40584200,38,3012.40000000,3154.17758800,0
1625866020000,1.04676000,1.04716000,1.04661000,1.04701000,24469.90000000,1625866079999,25615.10061100,38,22749.00000000,23813.35767300,0
1625866080000,1.04697000,1.04757000,1.04697000,1.04742000,7429.60000000,1625866139999,7781.11450400,27,4003.10000000,4192.57649400,0
1625866140000,1.04728000,1.04741000,1.04714000,1.04741000,18813.00000000,1625866199999,19703.17523200,41,4178.90000000,4376.99233400,0
1625866200000,1.04719000,1.04741000,1.04715000,1.04737000,14182.00000000,1625866259999,14853.85389800,23,12047.00000000,12617.73112300,0
1625866260000,1.04731000,1.04738000,1.04673000,1.04700000,26011.40000000,1625866319999,27237.87982800,54,6037.60000000,6323.07499600,0
1625866320000,1.04700000,1.04700000,1.04674000,1.04700000,2974.50000000,1625866379999,3113.90260600,14,1122.30000000,1175.02631500,0
1625866380000,1.04700000,1.04700000,1.04687000,1.04700000,4662.40000000,1625866439999,4881.49248800,24,4158.80000000,4354.26260000,0
1625866440000,1.04699000,1.04730000,1.04699000,1.04730000,3870.80000000,1625866499999,4053.60964900,16,3291.90000000,3447.40678600,0
1625866500000,1.04730000,1.05094000,1.04730000,1.05037000,69148.20000000,1625866559999,72547.73403100,144,61750.50000000,64778.41012800,0
1625866560000,1.05009000,1.05506000,1.05009000,1.05211000,172637.90000000,1625866619999,181734.72591600,480,121749.40000000,128122.05965600,0
1625866620000,1.05164000,1.05479000,1.05130000,1.05446000,114820.10000000,1625866679999,120909.54584900,127,98176.30000000,103396.76771400,0
1625866680000,1.05428000,1.05456000,1.05367000,1.05398000,27980.00000000,1625866739999,29494.33000200,63,5553.20000000,5854.89761900,0
1625866740000,1.05379000,1.05664000,1.05379000,1.05614000,92392.60000000,1625866799999,97542.98084700,199,80165.00000000,84636.57931600,0
1625866800000,1.05651000,1.05850000,1.05568000,1.05699000,65028.00000000,1625866859999,68753.52722000,295,31796.30000000,33618.46562800,0
1625866860000,1.05699000,1.05750000,1.05646000,1.05750000,22937.40000000,1625866919999,24245.23966600,61,13699.90000000,14482.00328700,0
1625866920000,1.05750000,1.05901000,1.05750000,1.05900000,63685.10000000,1625866979999,67410.85437200,131,53758.90000000,56907.26564700,0
1625866980000,1.05889000,1.05965000,1.05847000,1.05950000,67490.80000000,1625867039999,71488.24484200,186,42127.30000000,44624.91573400,0
1625867040000,1.05952000,1.06000000,1.05888000,1.05964000,121061.10000000,1625867099999,128265.67318400,169,72930.10000000,77280.94742100,0
1625867100000,1.05964000,1.06000000,1.05619000,1.05700000,87877.60000000,1625867159999,93002.08369400,224,39821.80000000,42164.33006900,0
1625867160000,1.05688000,1.05871000,1.05688000,1.05765000,31985.10000000,1625867219999,33827.99641600,93,11372.60000000,12029.49071900,0
1625867220000,1.05770000,1.05895000,1.05752000,1.05875000,53688.10000000,1625867279999,56809.85724000,85,41274.70000000,43672.97302400,0
1625867280000,1.05866000,1.05915000,1.05829000,1.05915000,40269.40000000,1625867339999,42635.59609900,98,30556.40000000,32353.43623100,0
1625867340000,1.05925000,1.05963000,1.05871000,1.05900000,35719.40000000,1625867399999,37830.41381400,81,7938.40000000,8409.02433300,0
1625867400000,1.05890000,1.05910000,1.05750000,1.05776000,82071.50000000,1625867459999,86859.99966200,77,8332.30000000,8822.26283800,0
1625867460000,1.05750000,1.05932000,1.05750000,1.05751000,344156.10000000,1625867519999,364204.69355400,191,145145.50000000,153608.82469800,0
1625867520000,1.05751000,1.05806000,1.05700000,1.05700000,69715.00000000,1625867579999,73733.33509600,79,32792.70000000,34690.70366200,0
1625867580000,1.05660000,1.05686000,1.05573000,1.05615000,38665.60000000,1625867639999,40838.75781200,92,21278.60000000,22475.18601800,0
1625867640000,1.05615000,1.05678000,1.05513000,1.05561000,49661.70000000,1625867699999,52444.07951800,79,8849.70000000,9347.76516700,0
1625867700000,1.05593000,1.05593000,1.05475000,1.05475000,44294.70000000,1625867759999,46739.60460200,80,13923.20000000,14693.58909500,0
1625867760000,1.05468000,1.05475000,1.05323000,1.05335000,39908.30000000,1625867819999,42061.38979600,127,24228.40000000,25538.45729600,0
1625867820000,1.05335000,1.05400000,1.05300000,1.05371000,46588.20000000,1625867879999,49085.77622800,88,19983.90000000,21058.09296600,0
1625867880000,1.05371000,1.05400000,1.05350000,1.05400000,41955.40000000,1625867939999,44218.07380400,57,30495.20000000,32141.45236300,0
1625867940000,1.05379000,1.05400000,1.05331000,1.05331000,19982.80000000,1625867999999,21057.94341300,46,10031.80000000,10572.90612200,0
1625868000000,1.05331000,1.05581000,1.05331000,1.05581000,76782.10000000,1625868059999,80984.27252900,111,60081.60000000,63369.08681600,0
1625868060000,1.05554000,1.05770000,1.05554000,1.05732000,55272.30000000,1625868119999,58415.34922400,127,37519.60000000,39654.25291100,0
1625868120000,1.05739000,1.05871000,1.05718000,1.05812000,61110.40000000,1625868179999,64637.86959800,93,40773.80000000,43132.13077600,0
1625868180000,1.05775000,1.05866000,1.05744000,1.05866000,53702.20000000,1625868239999,56830.54615400,115,45929.60000000,48608.06395900,0
1625868240000,1.05830000,1.05963000,1.05817000,1.05945000,124855.20000000,1625868299999,132191.05647400,150,24717.20000000,26176.01707300,0
1625868300000,1.05878000,1.05944000,1.05862000,1.05930000,14184.80000000,1625868359999,15020.97015400,60,5570.00000000,5899.12056000,0
1625868360000,1.05956000,1.05996000,1.05850000,1.05850000,31773.10000000,1625868419999,33657.18080900,75,9033.00000000,9569.15668700,0
1625868420000,1.05850000,1.05850000,1.05714000,1.05734000,41021.20000000,1625868479999,43398.77433000,83,13383.50000000,14158.00128500,0
1625868480000,1.05777000,1.05794000,1.05629000,1.05650000,24405.00000000,1625868539999,25793.81651700,58,5201.20000000,5495.98080700,0
1625868540000,1.05650000,1.05692000,1.05607000,1.05608000,8112.20000000,1625868599999,8571.18901800,37,5397.60000000,5703.32778900,0
1625868600000,1.05609000,1.05651000,1.05607000,1.05641000,20696.50000000,1625868659999,21861.72820300,36,18531.50000000,19575.14116200,0
1625868660000,1.05647000,1.05744000,1.05618000,1.05744000,75672.70000000,1625868719999,79950.60891900,75,36347.30000000,38409.97092200,0
1625868720000,1.05659000,1.05733000,1.05647000,1.05691000,42950.20000000,1625868779999,45386.65797000,51,14380.20000000,15196.48400400,0
1625868780000,1.05658000,1.05712000,1.05634000,1.05660000,2739.20000000,1625868839999,2894.26496500,27,1662.40000000,1756.56090900,0
1625868840000,1.05681000,1.05789000,1.05631000,1.05746000,22417.10000000,1625868899999,23703.26953800,42,3842.90000000,4062.71201000,0
1625868900000,1.05725000,1.05729000,1.05675000,1.05729000,36013.10000000,1625868959999,38065.54313300,47,21556.40000000,22784.74707000,0
1625868960000,1.05729000,1.05772000,1.05675000,1.05728000,40219.00000000,1625869019999,42518.79922400,38,20733.90000000,21922.26341400,0
1625869020000,1.05729000,1.05729000,1.05692000,1.05723000,16551.80000000,1625869079999,17498.60039100,46,6797.10000000,7186.21930800,0
1625869080000,1.05722000,1.05722000,1.05671000,1.05671000,8754.60000000,1625869139999,9253.11942700,30,4186.00000000,4425.02962200,0
1625869140000,1.05710000,1.05711000,1.05610000,1.05695000,10979.60000000,1625869199999,11600.43389100,39,2944.70000000,3112.57009600,0
1625869200000,1.05689000,1.05692000,1.05600000,1.05600000,21130.50000000,1625869259999,22324.44393300,53,8660.00000000,9151.35551100,0
1625869260000,1.05622000,1.05625000,1.05505000,1.05539000,33853.00000000,1625869319999,35735.86329600,75,21352.00000000,22537.85596300,0
1625869320000,1.05539000,1.05720000,1.05513000,1.05698000,20332.40000000,1625869379999,21469.74823900,51,13245.40000000,13988.25756700,0
1625869380000,1.05705000,1.05810000,1.05670000,1.05760000,5624.80000000,1625869439999,5949.51295800,31,5392.60000000,5704.06590800,0
1625869440000,1.05714000,1.05844000,1.05714000,1.05830000,38768.20000000,1625869499999,41008.04713500,59,27941.70000000,29557.89780800,0
1625869500000,1.05842000,1.05930000,1.05842000,1.05929000,77246.20000000,1625869559999,81778.80350500,125,43636.10000000,46194.41742400,0
1625869560000,1.05930000,1.06226000,1.05930000,1.06226000,448045.50000000,1625869619999,475393.36577400,606,339141.10000000,359791.15646900,0
1625869620000,1.06226000,1.06226000,1.06106000,1.06190000,62080.20000000,1625869679999,65908.99184300,115,32807.40000000,34831.77937800,0
1625869680000,1.06150000,1.06199000,1.06076000,1.06101000,100662.20000000,1625869739999,106835.17391400,94,5266.00000000,5590.25643900,0
1625869740000,1.06101000,1.06188000,1.06100000,1.06140000,31404.90000000,1625869799999,33331.52883600,63,20005.40000000,21233.08489100,0
1625869800000,1.06151000,1.06291000,1.06151000,1.06224000,74275.90000000,1625869859999,78895.01292600,186,58104.80000000,61718.22421300,0
1625869860000,1.06205000,1.06300000,1.06200000,1.06279000,28513.50000000,1625869919999,30293.29249100,71,18438.20000000,19588.84858800,0
1625869920000,1.06271000,1.06300000,1.06251000,1.06270000,40519.70000000,1625869979999,43066.37388700,66,23413.50000000,24887.30413700,0
1625869980000,1.06295000,1.06634000,1.06295000,1.06570000,238984.30000000,1625870039999,254450.46532100,568,153951.90000000,163892.34091500,0
1625870040000,1.06555000,1.06709000,1.06552000,1.06702000,92757.20000000,1625870099999,98937.81520200,223,39529.70000000,42165.24384900,0
1625870100000,1.06674000,1.06698000,1.06621000,1.06644000,42350.20000000,1625870159999,45168.82167800,111,20710.20000000,22091.74706100,0
1625870160000,1.06671000,1.06680000,1.06496000,1.06595000,155981.90000000,1625870219999,166240.39495600,188,16307.40000000,17382.81831400,0
1625870220000,1.06595000,1.06784000,1.06559000,1.06743000,103556.60000000,1625870279999,110479.59033100,175,84595.90000000,90245.76454300,0
1625870280000,1.06743000,1.06887000,1.06719000,1.06744000,148382.50000000,1625870339999,158506.32164500,291,81464.40000000,87026.95916500,0
1625870340000,1.06790000,1.06855000,1.06741000,1.06851000,35283.80000000,1625870399999,37678.81869300,97,22508.30000000,24037.51265400,0
1625870400000,1.06852000,1.06880000,1.06758000,1.06758000,35250.50000000,1625870459999,37653.23524800,88,18668.30000000,19941.23705600,0
1625870460000,1.06794000,1.06868000,1.06778000,1.06850000,60012.00000000,1625870519999,64103.24784400,96,34975.30000000,37361.00465000,0
1625870520000,1.06831000,1.06950000,1.06698000,1.06698000,114283.40000000,1625870579999,122117.21928300,311,54980.60000000,58762.53358400,0
1625870580000,1.06699000,1.06743000,1.06532000,1.06647000,60279.80000000,1625870639999,64262.21289400,405,29629.30000000,31592.68768300,0
1625870640000,1.06670000,1.06896000,1.06648000,1.06706000,83200.30000000,1625870699999,88801.94134600,113,46069.70000000,49170.62326700,0
1625870700000,1.06717000,1.06817000,1.06717000,1.06766000,33167.00000000,1625870759999,35421.81391600,54,31205.20000000,33327.25148400,0
1625870760000,1.06787000,1.06900000,1.06739000,1.06832000,61187.20000000,1625870819999,65358.90004600,142,35237.10000000,37630.66899200,0
1625870820000,1.06832000,1.06875000,1.06698000,1.06698000,45586.00000000,1625870879999,48677.53037400,76,12425.50000000,13273.12565400,0
1625870880000,1.06690000,1.06695000,1.06530000,1.06578000,36487.20000000,1625870939999,38889.29562000,104,11661.30000000,12431.59505300,0
1625870940000,1.06522000,1.06600000,1.06500000,1.06572000,22827.90000000,1625870999999,24324.72168400,86,10749.10000000,11455.56404000,0
1625871000000,1.06600000,1.06600000,1.06531000,1.06587000,31947.20000000,1625871059999,34046.92837700,59,13206.00000000,14074.45018900,0
1625871060000,1.06570000,1.06600000,1.06543000,1.06587000,38428.20000000,1625871119999,40957.91644000,66,29402.30000000,31338.36337400,0
1625871120000,1.06589000,1.06589000,1.06530000,1.06532000,20647.30000000,1625871179999,22004.60056200,55,6956.10000000,7413.67588900,0
1625871180000,1.06532000,1.06600000,1.06530000,1.06600000,193561.60000000,1625871239999,206286.67141400,122,185211.70000000,197390.68795700,0
1625871240000,1.06600000,1.06700000,1.06575000,1.06589000,32501.40000000,1625871299999,34653.19107300,83,20365.30000000,21713.18261800,0
1625871300000,1.06572000,1.06713000,1.06568000,1.06660000,38487.90000000,1625871359999,41047.32384600,58,27171.70000000,28979.99321200,0
1625871360000,1.06648000,1.06694000,1.06614000,1.06623000,18216.10000000,1625871419999,19423.53060000,61,2358.60000000,2515.64381400,0
1625871420000,1.06634000,1.06690000,1.06614000,1.06650000,22539.50000000,1625871479999,24033.67565400,83,15675.10000000,16714.33779700,0
1625871480000,1.06617000,1.06682000,1.06586000,1.06620000,17526.10000000,1625871539999,18685.81047600,58,3097.00000000,3302.55972800,0
1625871540000,1.06620000,1.06640000,1.06586000,1.06601000,29101.60000000,1625871599999,31029.03116700,69,11454.70000000,12214.35545500,0
1625871600000,1.06580000,1.06669000,1.06544000,1.06551000,51182.20000000,1625871659999,54568.64638200,107,25890.00000000,27606.29435200,0
1625871660000,1.06602000,1.06618000,1.06231000,1.06250000,81674.20000000,1625871719999,86890.25930400,167,20568.00000000,21897.96880800,0
1625871720000,1.06242000,1.06250000,1.06003000,1.06083000,91644.60000000,1625871779999,97223.72211600,197,20367.30000000,21610.92016500,0
1625871780000,1.06083000,1.06100000,1.06005000,1.06061000,84221.10000000,1625871839999,89309.87799800,106,18999.20000000,20151.40278000,0
1625871840000,1.06025000,1.06097000,1.06011000,1.06077000,23849.40000000,1625871899999,25295.12472100,58,13273.90000000,14080.25385200,0
1625871900000,1.06039000,1.06075000,1.06007000,1.06030000,27371.10000000,1625871959999,29018.96019600,52,865.40000000,917.86931300,0
1625871960000,1.06058000,1.06250000,1.06030000,1.06209000,189807.30000000,1625872019999,201440.75984100,188,179747.80000000,190761.48366400,0
1625872020000,1.06209000,1.06262000,1.06120000,1.06204000,124552.10000000,1625872079999,132281.44675100,103,79403.80000000,84340.21916600,0
1625872080000,1.06154000,1.06226000,1.06143000,1.06160000,32964.30000000,1625872139999,34997.57124000,36,1030.50000000,1094.39496600,0
1625872140000,1.06160000,1.06211000,1.05809000,1.06009000,200627.40000000,1625872199999,212712.49627600,314,28325.10000000,30011.17282300,0
1625872200000,1.06003000,1.06019000,1.05889000,1.05964000,17937.10000000,1625872259999,19001.12731600,58,12616.00000000,13365.44779600,0
1625872260000,1.05970000,1.05972000,1.05903000,1.05906000,5710.90000000,1625872319999,6049.25748700,32,4492.00000000,4758.24799800,0
1625872320000,1.05906000,1.05920000,1.05702000,1.05705000,60185.70000000,1625872379999,63698.21026600,154,8836.40000000,9349.69682000,0
1625872380000,1.05706000,1.05788000,1.05689000,1.05701000,52666.40000000,1625872439999,55678.64947800,87,17924.00000000,18947.91063600,0
1625872440000,1.05701000,1.05725000,1.05665000,1.05694000,29655.30000000,1625872499999,31343.27953400,67,12679.80000000,13402.90001500,0
1625872500000,1.05694000,1.05731000,1.05612000,1.05612000,35648.60000000,1625872559999,37665.85176300,103,13575.90000000,14342.27648600,0
1625872560000,1.05612000,1.05637000,1.05486000,1.05501000,49487.60000000,1625872619999,52233.45224200,176,32467.60000000,34271.88306000,0
1625872620000,1.05526000,1.05649000,1.05502000,1.05595000,28530.30000000,1625872679999,30110.67436200,70,23025.50000000,24301.23847100,0
1625872680000,1.05532000,1.05543000,1.05470000,1.05485000,32501.80000000,1625872739999,34292.37654800,87,16820.70000000,17749.36014700,0
1625872740000,1.05479000,1.05520000,1.05435000,1.05485000,65533.00000000,1625872799999,69128.17094000,115,38006.10000000,40094.64233300,0
1625872800000,1.05478000,1.05499000,1.05346000,1.05430000,117235.40000000,1625872859999,123592.99455400,157,8536.20000000,9003.41973100,0
1625872860000,1.05420000,1.05826000,1.05420000,1.05797000,143671.20000000,1625872919999,151665.42268100,219,120145.30000000,126812.35426500,0
1625872920000,1.05804000,1.05858000,1.05624000,1.05669000,44536.10000000,1625872979999,47098.48690900,109,13315.90000000,14087.61593200,0
1625872980000,1.05700000,1.05735000,1.05625000,1.05627000,18627.00000000,1625873039999,19685.98902100,69,7010.80000000,7411.40467500,0
1625873040000,1.05626000,1.05652000,1.05458000,1.05458000,37334.80000000,1625873099999,39408.54855600,74,8327.50000000,8785.30372200,0
1625873100000,1.05473000,1.05683000,1.05473000,1.05609000,47549.70000000,1625873159999,50192.27586400,88,42045.70000000,44382.52818700,0
1625873160000,1.05620000,1.05693000,1.05552000,1.05578000,19905.60000000,1625873219999,21027.17932600,46,6192.00000000,6541.70852400,0
1625873220000,1.05578000,1.05744000,1.05564000,1.05703000,37006.90000000,1625873279999,39104.34431000,51,31636.40000000,33434.44704800,0
1625873280000,1.05710000,1.05787000,1.05710000,1.05740000,20465.60000000,1625873339999,21640.35217800,46,2549.50000000,2696.25544000,0
1625873340000,1.05740000,1.05741000,1.05635000,1.05715000,23197.50000000,1625873399999,24520.36753000,46,15704.00000000,16601.01565100,0
1625873400000,1.05716000,1.05938000,1.05716000,1.05914000,26830.00000000,1625873459999,28395.84877500,72,25369.80000000,26850.99217100,0
1625873460000,1.05882000,1.05971000,1.05800000,1.05800000,34552.90000000,1625873519999,36590.15619300,79,15867.20000000,16806.15210300,0
1625873520000,1.05782000,1.05847000,1.05759000,1.05759000,9481.30000000,1625873579999,10030.19738600,36,5590.00000000,5913.45407000,0
1625873580000,1.05759000,1.05900000,1.05759000,1.05890000,13339.90000000,1625873639999,14117.83129500,30,11883.90000000,12576.59059700,0
1625873640000,1.05898000,1.05950000,1.05853000,1.05950000,14930.70000000,1625873699999,15809.94680100,37,12031.80000000,12740.82707500,0
1625873700000,1.05925000,1.05950000,1.05888000,1.05930000,8900.50000000,1625873759999,9428.08931800,36,2459.00000000,2605.24843500,0
1625873760000,1.05948000,1.05962000,1.05892000,1.05917000,14337.10000000,1625873819999,15184.48979700,37,1514.10000000,1604.05625000,0
1625873820000,1.05891000,1.05903000,1.05741000,1.05823000,17080.20000000,1625873879999,18076.69971700,54,3133.90000000,3315.76682900,0
1625873880000,1.05823000,1.05927000,1.05785000,1.05926000,50171.40000000,1625873939999,53102.28650600,61,41712.30000000,44150.80488300,0
1625873940000,1.05926000,1.05933000,1.05770000,1.05790000,23024.30000000,1625873999999,24374.51104000,47,3080.00000000,3261.75133100,0
1625874000000,1.05770000,1.05870000,1.05769000,1.05839000,37691.90000000,1625874059999,39891.10792600,57,30596.50000000,32382.27789900,0
1625874060000,1.05870000,1.05932000,1.05847000,1.05859000,15729.70000000,1625874119999,16656.43286900,44,3139.00000000,3324.25851000,0
1625874120000,1.05911000,1.05911000,1.05854000,1.05889000,7096.80000000,1625874179999,7514.08888900,25,4936.50000000,5226.81625200,0
1625874180000,1.05889000,1.05921000,1.05889000,1.05889000,3968.10000000,1625874239999,4201.87581500,22,207.80000000,220.07808700,0
1625874240000,1.05886000,1.05907000,1.05819000,1.05824000,27386.80000000,1625874299999,28996.03104100,50,17153.10000000,18160.56866300,0
1625874300000,1.05884000,1.05900000,1.05852000,1.05900000,3843.20000000,1625874359999,4069.03972800,22,1554.70000000,1646.26637000,0
1625874360000,1.05900000,1.05957000,1.05900000,1.05937000,15680.00000000,1625874419999,16611.60169700,43,12094.10000000,12813.19114000,0
1625874420000,1.05964000,1.05998000,1.05905000,1.05905000,25901.20000000,1625874479999,27439.60282700,39,3793.30000000,4020.01697800,0
1625874480000,1.05900000,1.05900000,1.05586000,1.05600000,56489.10000000,1625874539999,59732.33536900,109,29214.40000000,30896.39895400,0
1625874540000,1.05586000,1.05790000,1.05575000,1.05707000,134524.60000000,1625874599999,142159.72849100,112,125597.40000000,132724.51005600,0
1625874600000,1.05708000,1.05765000,1.05678000,1.05765000,24532.20000000,1625874659999,25940.15126400,46,15670.80000000,16570.26144100,0
1625874660000,1.05746000,1.05845000,1.05746000,1.05811000,42471.30000000,1625874719999,44946.18378800,51,35667.70000000,37747.91377800,0
1625874720000,1.05808000,1.05815000,1.05772000,1.05796000,12984.50000000,1625874779999,13737.86777200,32,5696.60000000,6027.15436000,0
1625874780000,1.05814000,1.05814000,1.05672000,1.05703000,38223.30000000,1625874839999,40413.28449700,53,1972.20000000,2085.42896400,0
1625874840000,1.05670000,1.05699000,1.05570000,1.05579000,65875.20000000,1625874899999,69596.06741300,69,37717.50000000,39854.89510800,0
1625874900000,1.05578000,1.05632000,1.05548000,1.05554000,99283.00000000,1625874959999,104818.43312400,129,52958.80000000,55913.78682200,0
1625874960000,1.05552000,1.05571000,1.05159000,1.05470000,246588.20000000,1625875019999,259841.25353100,409,68547.00000000,72227.39627200,0
1625875020000,1.05492000,1.05518000,1.05263000,1.05296000,21018.80000000,1625875079999,22149.44575200,69,2818.60000000,2971.96649300,0
1625875080000,1.05247000,1.05291000,1.05080000,1.05101000,123490.40000000,1625875139999,129886.43146800,229,30598.10000000,32187.58256100,0
1625875140000,1.05137000,1.05200000,1.05078000,1.05200000,41663.80000000,1625875199999,43807.86432100,64,32030.50000000,33683.11967700,0
